0 0
0.00176777 0
0.00353553 0
0.0053033 0
0.00707107 0.0364267
0.00883883 0.157024
0.0106066 0.145637
0.0123744 0.137239
0.0141421 0.138788
0.0159099 0.15358
0.0176777 0.181044
0.0194454 0.19923
0.0212132 0.209547
0.022981 0.221269
0.0247487 0.234282
0.0265165 0.249723
0.0282843 0.260551
0.030052 0.270408
0.0318198 0.287469
0.0335876 0.299792
0.0353553 0.311284
0.0371231 0.325946
0.0388909 0.337493
0.0406586 0.352475
0.0424264 0.365557
0.0441942 0.377659
0.0459619 0.392815
0.0477297 0.405197
0.0494975 0.420434
0.0512652 0.433741
0.053033 0.450372
0.0548008 0.462829
0.0565685 0.477236
0.0583363 0.489278
0.0601041 0.50467
0.0618718 0.518912
0.0636396 0.532323
0.0654074 0.544021
0.0671751 0.557703
0.0689429 0.573264
0.0707107 0.583557
0.0724784 0.599368
0.0742462 0.608076
0.076014 0.620988
0.0777817 0.637374
0.0795495 0.643648
0.0813173 0.660764
0.083085 0.669212
0.0848528 0.686578
0.0866206 0.694356
0.0883883 0.704544
0.0901561 0.722075
0.0919239 0.732823
0.0936916 0.740411
0.0954594 0.754328
0.0972272 0.76715
0.0989949 0.781677
0.100763 0.789625
0.10253 0.804756
0.104298 0.81183
0.106066 0.826626
0.107834 0.840088
0.109602 0.852005
0.111369 0.861073
0.113137 0.869526
0.114905 0.888347
0.116673 0.895241
0.11844 0.909402
0.120208 0.920645
0.121976 0.927878
0.123744 0.94199
0.125511 0.956182
0.127279 0.960526
0.129047 0.973193
0.130815 0.98586
0.132583 0.996802
0.13435 1.00719
0.136118 1.01664
0.137886 1.02685
0.139654 1.03761
0.141421 1.0483
0.143189 1.05861
0.144957 1.06936
0.146725 1.07969
0.148492 1.08873
0.15026 1.09643
0.152028 1.10926
0.153796 1.11907
0.155563 1.13213
0.157331 1.13665
0.159099 1.14707
0.160867 1.15745
0.162635 1.16615
0.164402 1.17813
0.16617 1.18381
0.167938 1.1967
0.169706 1.20613
0.171473 1.21338
0.173241 1.22623
0.175009 1.23068
0.176777 1.24096
0.178544 1.25501
0.180312 1.25923
0.18208 1.26715
0.183848 1.27806
0.185616 1.28787
0.187383 1.29676
0.189151 1.30773
0.190919 1.31262
0.192687 1.3206
0.194454 1.33105
0.196222 1.34316
0.19799 1.35019
0.199758 1.36205
0.201525 1.36567
0.203293 1.36776
0.205061 1.38176
0.206829 1.39142
0.208596 1.40006
0.210364 1.40864
0.212132 1.41358
0.2139 1.42318
0.215668 1.43081
0.217435 1.44305
0.219203 1.44463
0.220971 1.4585
0.222739 1.46111
0.224506 1.46135
0.226274 1.47925
0.228042 1.4873
0.22981 1.49105
0.231577 1.50363
0.233345 1.50432
0.235113 1.51336
0.236881 1.52204
0.238649 1.5262
0.240416 1.53697
0.242184 1.54216
0.243952 1.54992
0.24572 1.55861
0.247487 1.55859
0.249255 1.56891
0.251023 1.57664
0.252791 1.58342
0.254558 1.58987
0.256326 1.59563
0.258094 1.60067
0.259862 1.60666
0.261629 1.61612
0.263397 1.62196
0.265165 1.62508
0.266933 1.63557
0.268701 1.64313
0.270468 1.64325
0.272236 1.65046
0.274004 1.65608
0.275772 1.66505
0.277539 1.67417
0.279307 1.67523
0.281075 1.67886
0.282843 1.68529
0.28461 1.69452
0.286378 1.70047
0.288146 1.70115
0.289914 1.7105
0.291682 1.71245
0.293449 1.72459
0.295217 1.72279
0.296985 1.72785
0.298753 1.73568
0.30052 1.74236
0.302288 1.74378
0.304056 1.74824
0.305824 1.75674
0.307591 1.76007
0.309359 1.76454
0.311127 1.76845
0.312895 1.77409
0.314663 1.77974
0.31643 1.78321
0.318198 1.78579
0.319966 1.78692
0.321734 1.79928
0.323501 1.80284
0.325269 1.80569
0.327037 1.80706
0.328805 1.81438
0.330572 1.81658
0.33234 1.8204
0.334108 1.82459
0.335876 1.83123
0.337643 1.83726
0.339411 1.83637
0.341179 1.83988
0.342947 1.84976
0.344715 1.84582
0.346482 1.8569
0.34825 1.85473
0.350018 1.85593
0.351786 1.86897
0.353553 1.86706
0.355321 1.86976
0.357089 1.87507
0.358857 1.87562
0.360624 1.88171
0.362392 1.8794
0.36416 1.88358
0.365928 1.89201
0.367696 1.89688
0.369463 1.89742
0.371231 1.89304
0.372999 1.89959
0.374767 1.90168
0.376534 1.90961
0.378302 1.91187
0.38007 1.90927
0.381838 1.90909
0.383605 1.91385
0.385373 1.92345
0.387141 1.92481
0.388909 1.92495
0.390676 1.92168
0.392444 1.92503
0.394212 1.93376
0.39598 1.93482
0.397748 1.93531
0.399515 1.93365
0.401283 1.93814
0.403051 1.94825
0.404819 1.94185
0.406586 1.94761
0.408354 1.94331
0.410122 1.94824
0.41189 1.95179
0.413657 1.9548
0.415425 1.95551
0.417193 1.95296
0.418961 1.95864
0.420729 1.95991
0.422496 1.96052
0.424264 1.96045
0.426032 1.96531
0.4278 1.96366
0.429567 1.96372
0.431335 1.9664
0.433103 1.96953
0.434871 1.97198
0.436638 1.96843
0.438406 1.96798
0.440174 1.9694
0.441942 1.97611
0.443709 1.97657
0.445477 1.97415
0.447245 1.9732
0.449013 1.97809
0.450781 1.9721
0.452548 1.97455
0.454316 1.9792
0.456084 1.97708
0.457852 1.98128
0.459619 1.98062
0.461387 1.97908
0.463155 1.97529
0.464923 1.98226
0.46669 1.98282
0.468458 1.98043
0.470226 1.97585
0.471994 1.98053
0.473762 1.97669
0.475529 1.98204
0.477297 1.98293
0.479065 1.97855
0.480833 1.97932
0.4826 1.98102
0.484368 1.97803
0.486136 1.97859
0.487904 1.98017
0.489671 1.97672
0.491439 1.98031
0.493207 1.97617
0.494975 1.97784
0.496742 1.97721
0.49851 1.9733
0.500278 1.97356
0.502046 1.97468
0.503814 1.97302
0.505581 1.97717
0.507349 1.9705
0.509117 1.96502
0.510885 1.97081
0.512652 1.96858
0.51442 1.96803
0.516188 1.96821
0.517956 1.96221
0.519723 1.9662
0.521491 1.96731
0.523259 1.95929
0.525027 1.96299
0.526795 1.95941
0.528562 1.96482
0.53033 1.95403
0.532098 1.95608
0.533866 1.95739
0.535633 1.94902
0.537401 1.9551
0.539169 1.95533
0.540937 1.94964
0.542704 1.94935
0.544472 1.94664
0.54624 1.94468
0.548008 1.94191
0.549775 1.94033
0.551543 1.94401
0.553311 1.94044
0.555079 1.93656
0.556847 1.93355
0.558614 1.92894
0.560382 1.93001
0.56215 1.93323
0.563918 1.9222
0.565685 1.92543
0.567453 1.9226
0.569221 1.91471
0.570989 1.91873
0.572756 1.91049
0.574524 1.90908
0.576292 1.90839
0.57806 1.90991
0.579828 1.90514
0.581595 1.90101
0.583363 1.8985
0.585131 1.89592
0.586899 1.89297
0.588666 1.89089
0.590434 1.8887
0.592202 1.88361
0.59397 1.88166
0.595737 1.8764
0.597505 1.87671
0.599273 1.87962
0.601041 1.87162
0.602809 1.86438
0.604576 1.8626
0.606344 1.85796
0.608112 1.85951
0.60988 1.85456
0.611647 1.85131
0.613415 1.84863
0.615183 1.84084
0.616951 1.84069
0.618718 1.8336
0.620486 1.83946
0.622254 1.82936
0.624022 1.82668
0.625789 1.82049
0.627557 1.81705
0.629325 1.81691
0.631093 1.81119
0.632861 1.80243
0.634628 1.80504
0.636396 1.79823
0.638164 1.79818
0.639932 1.7911
0.641699 1.78915
0.643467 1.78375
0.645235 1.77705
0.647003 1.77769
0.64877 1.77149
0.650538 1.76654
0.652306 1.76649
0.654074 1.76152
0.655842 1.75589
0.657609 1.74751
0.659377 1.74521
0.661145 1.74608
0.662913 1.7367
0.66468 1.73294
0.666448 1.7262
0.668216 1.72656
0.669984 1.7197
0.671751 1.71606
0.673519 1.71115
0.675287 1.70516
0.677055 1.69528
0.678823 1.6983
0.68059 1.68981
0.682358 1.68323
0.684126 1.68093
0.685894 1.68006
0.687661 1.671
0.689429 1.66127
0.691197 1.65629
0.692965 1.65927
0.694732 1.64946
0.6965 1.64761
0.698268 1.64025
0.700036 1.63292
0.701803 1.62995
0.703571 1.62241
0.705339 1.6239
0.707107 1.61596
0.708875 1.60704
0.710642 1.60515
0.71241 1.59597
0.714178 1.59246
0.715946 1.59009
0.717713 1.58249
0.719481 1.57843
0.721249 1.57275
0.723017 1.56629
0.724784 1.5627
0.726552 1.55321
0.72832 1.55076
0.730088 1.53962
0.731856 1.54254
0.733623 1.53589
0.735391 1.5278
0.737159 1.51779
0.738927 1.51547
0.740694 1.51155
0.742462 1.50249
0.74423 1.50311
0.745998 1.49072
0.747765 1.48695
0.749533 1.47977
0.751301 1.47602
0.753069 1.4696
0.754836 1.46055
0.756604 1.45512
0.758372 1.44825
0.76014 1.44576
0.761908 1.4394
0.763675 1.43078
0.765443 1.42476
0.767211 1.41764
0.768979 1.41539
0.770746 1.40587
0.772514 1.40107
0.774282 1.392
0.77605 1.38235
0.777817 1.38517
0.779585 1.37367
0.781353 1.36818
0.783121 1.3669
0.784889 1.35016
0.786656 1.34975
0.788424 1.33794
0.790192 1.3404
0.79196 1.33198
0.793727 1.32156
0.795495 1.31749
0.797263 1.30661
0.799031 1.30312
0.800798 1.29524
0.802566 1.28833
0.804334 1.28216
0.806102 1.27596
0.807869 1.27098
0.809637 1.25522
0.811405 1.25502
0.813173 1.25041
0.814941 1.24095
0.816708 1.22929
0.818476 1.22752
0.820244 1.22007
0.822012 1.21188
0.823779 1.20009
0.825547 1.20018
0.827315 1.18817
0.829083 1.18453
0.83085 1.17928
0.832618 1.16668
0.834386 1.16106
0.836154 1.15291
0.837922 1.14942
0.839689 1.13718
0.841457 1.13527
0.843225 1.12409
0.844993 1.11872
0.84676 1.11373
0.848528 1.10175
0.850296 1.09253
0.852064 1.08931
0.853831 1.07913
0.855599 1.07479
0.857367 1.06559
0.859135 1.05697
0.860902 1.04977
0.86267 1.0416
0.864438 1.03803
0.866206 1.02644
0.867974 1.02088
0.869741 1.01133
0.871509 1.00596
0.873277 0.995978
0.875045 0.990364
0.876812 0.983101
0.87858 0.974987
0.880348 0.968664
0.882116 0.959441
0.883883 0.949238
0.885651 0.944854
0.887419 0.936241
0.889187 0.928708
0.890954 0.92087
0.892722 0.909512
0.89449 0.906173
0.896258 0.894951
0.898026 0.887962
0.899793 0.877175
0.901561 0.873611
0.903329 0.864183
0.905097 0.85216
0.906864 0.843147
0.908632 0.837809
0.9104 0.8305
0.912168 0.824862
0.913935 0.811935
0.915703 0.800842
0.917471 0.794239
0.919239 0.78927
0.921007 0.781477
0.922774 0.76728
0.924542 0.763926
0.92631 0.750114
0.928078 0.743435
0.929845 0.738721
0.931613 0.729758
0.933381 0.719176
0.935149 0.707608
0.936916 0.703854
0.938684 0.693437
0.940452 0.684414
0.94222 0.676321
0.943988 0.671387
0.945755 0.658875
0.947523 0.651656
0.949291 0.642223
0.951059 0.635605
0.952826 0.626032
0.954594 0.61179
0.956362 0.607541
0.95813 0.602852
0.959897 0.59028
0.961665 0.582332
0.963433 0.574939
0.965201 0.563021
0.966968 0.555983
0.968736 0.548165
0.970504 0.541391
0.972272 0.529589
0.97404 0.519386
0.975807 0.511823
0.977575 0.502185
0.979343 0.497326
0.981111 0.489633
0.982878 0.477656
0.984646 0.463339
0.986414 0.456521
0.988182 0.452287
0.989949 0.443519
0.991717 0.432236
0.993485 0.423658
0.995253 0.413601
0.997021 0.404728
0.998788 0.394455
1.00056 0.389096
1.00232 0.377359
1.00409 0.37081
1.00586 0.364282
1.00763 0.357833
1.00939 0.351205
1.01116 0.344586
1.01293 0.336898
1.0147 0.331554
1.01647 0.325956
1.01823 0.319237
1.02 0.312994
1.02177 0.30844
1.02354 0.304351
1.0253 0.295842
1.02707 0.291628
1.02884 0.28585
1.03061 0.282146
1.03238 0.276652
1.03414 0.272098
1.03591 0.266834
1.03768 0.2619
1.03945 0.257641
1.04121 0.252517
1.04298 0.248508
1.04475 0.243349
1.04652 0.242
1.04829 0.233632
1.05005 0.231157
1.05182 0.227653
1.05359 0.223704
1.05536 0.21925
1.05712 0.216156
1.05889 0.209882
1.06066 0.206713
1.06243 0.206288
1.0642 0.201779
1.06596 0.19579
1.06773 0.194001
1.0695 0.187847
1.07127 0.186063
1.07303 0.184743
1.0748 0.180929
1.07657 0.17537
1.07834 0.1739
1.08011 0.170906
1.08187 0.166757
1.08364 0.164532
1.08541 0.161608
1.08718 0.158759
1.08894 0.155814
1.09071 0.152295
1.09248 0.15124
1.09425 0.146831
1.09602 0.144967
1.09778 0.141813
1.09955 0.137284
1.10132 0.136829
1.10309 0.135759
1.10485 0.131325
1.10662 0.1299
1.10839 0.124537
1.11016 0.123492
1.11193 0.122447
1.11369 0.119858
1.11546 0.116228
1.11723 0.114599
1.119 0.111734
1.12076 0.11034
1.12253 0.10869
1.1243 0.104931
1.12607 0.102936
1.12784 0.101972
1.1296 0.100172
1.13137 0.0965979
1.13314 0.0949083
1.13491 0.0937086
1.13667 0.0914841
1.13844 0.0882948
1.14021 0.0873551
1.14198 0.0856105
1.14375 0.0844257
1.14551 0.0819113
1.14728 0.0801567
1.14905 0.0780672
1.15082 0.0764625
1.15258 0.0748929
1.15435 0.0732633
1.15612 0.0710438
1.15789 0.0693892
1.15966 0.0691092
1.16142 0.0667148
1.16319 0.0652051
1.16496 0.0635455
1.16673 0.0617009
1.16849 0.0608711
1.17026 0.0591565
1.17203 0.0588366
1.1738 0.0559672
1.17557 0.0551874
1.17733 0.052753
1.1791 0.0536777
1.18087 0.0516082
1.18264 0.0495087
1.1844 0.048119
1.18617 0.048104
1.18794 0.0465844
1.18971 0.0457196
1.19147 0.04372
1.19324 0.0422554
1.19501 0.0425153
1.19678 0.0407207
1.19855 0.0400009
1.20031 0.0380563
1.20208 0.0379713
1.20385 0.0366916
1.20562 0.0356719
1.20738 0.0345521
1.20915 0.0333724
1.21092 0.0323076
1.21269 0.0316828
1.21446 0.0312829
1.21622 0.0302081
1.21799 0.0288984
1.21976 0.0284535
1.22153 0.0270938
1.22329 0.0266989
1.22506 0.026144
1.22683 0.0247094
1.2286 0.0243894
1.23037 0.0239895
1.23213 0.0224299
1.2339 0.0227998
1.23567 0.0209402
1.23744 0.0206003
1.2392 0.0201204
1.24097 0.0199255
1.24274 0.0192306
1.24451 0.0181759
1.24628 0.0170611
1.24804 0.0166662
1.24981 0.0166262
1.25158 0.0161863
1.25335 0.0158964
1.25511 0.0148616
1.25688 0.0139118
1.25865 0.0134319
1.26042 0.0136019
1.26219 0.012987
1.26395 0.0122372
1.26572 0.0117873
1.26749 0.0115524
1.26926 0.0106876
1.27102 0.0108275
1.27279 0.0102377
1.27456 0.00979276
1.27633 0.00906293
1.2781 0.00866302
1.27986 0.00879299
1.28163 0.00837809
1.2834 0.00791319
1.28517 0.00710338
1.28693 0.00696341
1.2887 0.00684844
1.29047 0.00660849
1.29224 0.00643353
1.29401 0.00595864
1.29577 0.00582367
1.29754 0.00518382
1.29931 0.00500886
1.30108 0.00477391
1.30284 0.00485389
1.30461 0.00456396
1.30638 0.00403408
1.30815 0.00387412
1.30992 0.00372915
1.31168 0.00365417
1.31345 0.00332924
1.31522 0.00298932
1.31699 0.00314428
1.31875 0.00276937
1.32052 0.00278936
1.32229 0.00235946
1.32406 0.00238446
1.32583 0.00242445
1.32759 0.00205953
1.32936 0.00183958
1.33113 0.00184458
1.3329 0.0017396
1.33466 0.00151965
1.33643 0.00144967
1.3382 0.00135469
1.33997 0.00139468
1.34174 0.00125971
1.3435 0.00113474
1.34527 0.00105976
1.34704 0.000989774
1.34881 0.000819813
1.35057 0.000794819
1.35234 0.000844807
1.35411 0.000714837
1.35588 0.000649852
1.35765 0.000554873
1.35941 0.000519881
1.36118 0.00047989
1.36295 0.000509884
1.36472 0.000419904
1.36648 0.000344921
1.36825 0.000334924
1.37002 0.00030493
1.37179 0.000244944
1.37355 0.000229948
1.37532 0.00021995
1.37709 0.000139968
1.37886 0.000109975
1.38063 0.000209952
1.38239 0.000109975
1.38416 8.49806e-005
1.38593 3.99909e-005
1.3877 8.99795e-005
1.38946 4.99886e-005
1.39123 5.49874e-005
1.393 3.4992e-005
1.39477 2.49943e-005
1.39654 1.49966e-005
1.3983 9.99772e-006
1.40007 9.99772e-006
1.40184 1.49966e-005
1.40361 9.99772e-006
1.40537 0
1.40714 0
1.40891 0
1.41068 0
1.41245 0
