0 1.97822
0.00125 1.98103
0.0025 1.97821
0.00375 1.98071
0.005 1.9877
0.00625 1.99204
0.0075 2.00259
0.00875 2.00918
0.01 1.99129
0.01125 1.99062
0.0125 1.98594
0.01375 1.98802
0.015 1.97374
0.01625 1.97906
0.0175 1.97311
0.01875 1.96983
0.02 1.96507
0.02125 1.96213
0.0225 1.96939
0.02375 1.96111
0.025 1.95498
0.02625 1.94928
0.0275 1.94647
0.02875 1.94578
0.03 1.94103
0.03125 1.94102
0.0325 1.94388
0.03375 1.93673
0.035 1.93147
0.03625 1.92714
0.0375 1.92582
0.03875 1.92482
0.04 1.92483
0.04125 1.92357
0.0425 1.92083
0.04375 1.91439
0.045 1.9194
0.04625 1.9066
0.0475 1.91035
0.04875 1.90479
0.05 1.9069
0.05125 1.89976
0.0525 1.8974
0.05375 1.90201
0.055 1.89823
0.05625 1.89432
0.0575 1.89149
0.05875 1.88804
0.06 1.88567
0.06125 1.88272
0.0625 1.88531
0.06375 1.88516
0.065 1.87385
0.06625 1.87264
0.0675 1.86927
0.06875 1.87054
0.07 1.86734
0.07125 1.86379
0.0725 1.86376
0.07375 1.85749
0.075 1.86046
0.07625 1.84913
0.0775 1.84638
0.07875 1.84534
0.08 1.84476
0.08125 1.84259
0.0825 1.84151
0.08375 1.84131
0.085 1.83348
0.08625 1.8359
0.0875 1.83019
0.08875 1.82603
0.09 1.82493
0.09125 1.8243
0.0925 1.81794
0.09375 1.81952
0.095 1.81863
0.09625 1.8137
0.0975 1.80482
0.09875 1.80971
0.1 1.80776
0.10125 1.80076
0.1025 1.79674
0.10375 1.79767
0.105 1.79822
0.10625 1.79421
0.1075 1.79261
0.10875 1.78617
0.11 1.78437
0.11125 1.78473
0.1125 1.78583
0.11375 1.77861
0.115 1.77548
0.11625 1.77049
0.1175 1.77367
0.11875 1.76461
0.12 1.76952
0.12125 1.76323
0.1225 1.75678
0.12375 1.75744
0.125 1.7553
0.12625 1.75331
0.1275 1.75555
0.12875 1.74853
0.13 1.74456
0.13125 1.74537
0.1325 1.73841
0.13375 1.7395
0.135 1.73283
0.13625 1.73628
0.1375 1.73172
0.13875 1.72994
0.14 1.72442
0.14125 1.72746
0.1425 1.72133
0.14375 1.72158
0.145 1.71387
0.14625 1.71244
0.1475 1.70843
0.14875 1.71292
0.15 1.70988
0.15125 1.7027
0.1525 1.7004
0.15375 1.69849
0.155 1.70151
0.15625 1.69626
0.1575 1.69324
0.15875 1.68893
0.16 1.68875
0.16125 1.68071
0.1625 1.68127
0.16375 1.68538
0.165 1.67836
0.16625 1.67215
0.1675 1.67397
0.16875 1.66772
0.17 1.66727
0.17125 1.66137
0.1725 1.66209
0.17375 1.66035
0.175 1.66095
0.17625 1.65442
0.1775 1.65226
0.17875 1.64809
0.18 1.64596
0.18125 1.64357
0.1825 1.64202
0.18375 1.63646
0.185 1.63391
0.18625 1.63773
0.1875 1.63413
0.18875 1.62903
0.19 1.62619
0.19125 1.62421
0.1925 1.6218
0.19375 1.61895
0.195 1.61826
0.19625 1.61385
0.1975 1.6145
0.19875 1.61097
0.2 1.60261
0.20125 1.60405
0.2025 1.59888
0.20375 1.60101
0.205 1.59835
0.20625 1.59687
0.2075 1.59195
0.20875 1.58671
0.21 1.59022
0.21125 1.58177
0.2125 1.57826
0.21375 1.57854
0.215 1.57564
0.21625 1.57426
0.2175 1.56983
0.21875 1.57047
0.22 1.56572
0.22125 1.55856
0.2225 1.5605
0.22375 1.55865
0.225 1.55205
0.22625 1.55419
0.2275 1.54356
0.22875 1.54667
0.23 1.54766
0.23125 1.53938
0.2325 1.53995
0.23375 1.53172
0.235 1.52949
0.23625 1.53043
0.2375 1.52831
0.23875 1.52282
0.24 1.52579
0.24125 1.52004
0.2425 1.521
0.24375 1.51259
0.245 1.51356
0.24625 1.50889
0.2475 1.50674
0.24875 1.50181
0.25 1.50309
0.25125 1.50469
0.2525 1.50026
0.25375 1.49357
0.255 1.49397
0.25625 1.48887
0.2575 1.48553
0.25875 1.48172
0.26 1.48651
0.26125 1.48829
0.2625 1.48176
0.26375 1.47957
0.265 1.46982
0.26625 1.47012
0.2675 1.46539
0.26875 1.46949
0.27 1.464
0.27125 1.46504
0.2725 1.4595
0.27375 1.45664
0.275 1.45614
0.27625 1.45626
0.2775 1.45185
0.27875 1.44147
0.28 1.44953
0.28125 1.44403
0.2825 1.4405
0.28375 1.44386
0.285 1.43371
0.28625 1.4323
0.2875 1.43027
0.28875 1.43045
0.29 1.42361
0.29125 1.42738
0.2925 1.42185
0.29375 1.41938
0.295 1.41578
0.29625 1.41467
0.2975 1.41384
0.29875 1.40685
0.3 1.40448
0.30125 1.40736
0.3025 1.39985
0.30375 1.39718
0.305 1.39856
0.30625 1.3996
0.3075 1.39273
0.30875 1.38794
0.31 1.38827
0.31125 1.38273
0.3125 1.38156
0.31375 1.37786
0.315 1.37696
0.31625 1.3738
0.3175 1.37198
0.31875 1.36776
0.32 1.36637
0.32125 1.35871
0.3225 1.36038
0.32375 1.35888
0.325 1.35426
0.32625 1.35491
0.3275 1.34589
0.32875 1.34741
0.33 1.33899
0.33125 1.33891
0.3325 1.33736
0.33375 1.33627
0.335 1.33343
0.33625 1.32978
0.3375 1.3264
0.33875 1.32322
0.34 1.31667
0.34125 1.32045
0.3425 1.31513
0.34375 1.31489
0.345 1.31435
0.34625 1.30779
0.3475 1.30699
0.34875 1.30105
0.35 1.29979
0.35125 1.30062
0.3525 1.29799
0.35375 1.29249
0.355 1.29392
0.35625 1.28908
0.3575 1.28609
0.35875 1.28395
0.36 1.28289
0.36125 1.27595
0.3625 1.27616
0.36375 1.27441
0.365 1.26601
0.36625 1.27372
0.3675 1.26498
0.36875 1.26764
0.37 1.26359
0.37125 1.25675
0.3725 1.25432
0.37375 1.25256
0.375 1.25205
0.37625 1.25224
0.3775 1.24484
0.37875 1.2376
0.38 1.23979
0.38125 1.23923
0.3825 1.23362
0.38375 1.23551
0.385 1.22837
0.38625 1.22387
0.3875 1.22838
0.38875 1.22278
0.39 1.22203
0.39125 1.22012
0.3925 1.21344
0.39375 1.21032
0.395 1.21095
0.39625 1.20953
0.3975 1.20402
0.39875 1.2034
0.4 1.19823
0.40125 1.19875
0.4025 1.19546
0.40375 1.19526
0.405 1.18985
0.40625 1.19074
0.4075 1.18748
0.40875 1.18184
0.41 1.18372
0.41125 1.17431
0.4125 1.17585
0.41375 1.17153
0.415 1.17366
0.41625 1.17013
0.4175 1.16753
0.41875 1.16309
0.42 1.16452
0.42125 1.16054
0.4225 1.15582
0.42375 1.15629
0.425 1.1518
0.42625 1.14573
0.4275 1.14297
0.42875 1.13908
0.43 1.14287
0.43125 1.13954
0.4325 1.13752
0.43375 1.12958
0.435 1.13503
0.43625 1.12676
0.4375 1.12435
0.43875 1.1239
0.44 1.12023
0.44125 1.1168
0.4425 1.11313
0.44375 1.10708
0.445 1.11159
0.44625 1.10523
0.4475 1.10511
0.44875 1.10404
0.45 1.10112
0.45125 1.09539
0.4525 1.09366
0.45375 1.09128
0.455 1.08786
0.45625 1.08575
0.4575 1.07894
0.45875 1.0824
0.46 1.07845
0.46125 1.07817
0.4625 1.07237
0.46375 1.06881
0.465 1.06906
0.46625 1.06805
0.4675 1.0614
0.46875 1.06032
0.47 1.05429
0.47125 1.05977
0.4725 1.05011
0.47375 1.04988
0.475 1.04873
0.47625 1.04463
0.4775 1.04423
0.47875 1.03974
0.48 1.04011
0.48125 1.03525
0.4825 1.03297
0.48375 1.0316
0.485 1.02635
0.48625 1.02406
0.4875 1.02138
0.48875 1.02218
0.49 1.01863
0.49125 1.0175
0.4925 1.01123
0.49375 1.00965
0.495 1.01024
0.49625 1.00484
0.4975 1.00073
0.49875 1.00376
0.5 0.996487
0.50125 0.993623
0.5025 0.994023
0.50375 0.991119
0.505 0.988584
0.50625 0.985905
0.5075 0.983925
0.50875 0.980031
0.51 0.980846
0.51125 0.974637
0.5125 0.974927
0.51375 0.968909
0.515 0.967864
0.51625 0.96468
0.5175 0.967284
0.51875 0.961346
0.52 0.958851
0.52125 0.952483
0.5225 0.953062
0.52375 0.951408
0.525 0.948873
0.52625 0.947159
0.5275 0.944839
0.52875 0.939271
0.53 0.938871
0.53125 0.936111
0.5325 0.933532
0.53375 0.933387
0.535 0.928693
0.53625 0.926309
0.5375 0.923874
0.53875 0.922254
0.54 0.91986
0.54125 0.913426
0.5425 0.910677
0.54375 0.909177
0.545 0.909252
0.54625 0.906953
0.5475 0.904284
0.54875 0.902254
0.55 0.894221
0.55125 0.895311
0.5525 0.892426
0.55375 0.890862
0.555 0.888657
0.55625 0.879904
0.5575 0.882044
0.55875 0.880724
0.56 0.878494
0.56125 0.874255
0.5625 0.872471
0.56375 0.869951
0.565 0.867067
0.56625 0.863033
0.5675 0.861383
0.56875 0.858634
0.57 0.857384
0.57125 0.852765
0.5725 0.853595
0.57375 0.848376
0.575 0.845507
0.57625 0.841148
0.5775 0.843003
0.57875 0.836434
0.58 0.833565
0.58125 0.836174
0.5825 0.828366
0.58375 0.830555
0.585 0.825577
0.58625 0.825751
0.5875 0.820358
0.58875 0.817313
0.59 0.814279
0.59125 0.813629
0.5925 0.81089
0.59375 0.805596
0.595 0.806706
0.59625 0.803117
0.5975 0.803692
0.59875 0.800567
0.6 0.795753
0.60125 0.791974
0.6025 0.787605
0.60375 0.786141
0.605 0.78869
0.60625 0.785161
0.6075 0.779842
0.60875 0.776458
0.61 0.775663
0.61125 0.772864
0.6125 0.768525
0.61375 0.768515
0.615 0.766145
0.61625 0.762911
0.6175 0.760211
0.61875 0.758522
0.62 0.758682
0.62125 0.752768
0.6225 0.747504
0.62375 0.747179
0.625 0.741816
0.62625 0.742301
0.6275 0.742011
0.62875 0.740021
0.63 0.736352
0.63125 0.730293
0.6325 0.727304
0.63375 0.725859
0.635 0.723985
0.63625 0.72118
0.6375 0.72141
0.63875 0.718136
0.64 0.714342
0.64125 0.715467
0.6425 0.709363
0.64375 0.704499
0.645 0.704424
0.64625 0.704784
0.6475 0.698855
0.64875 0.696026
0.65 0.695191
0.65125 0.693687
0.6525 0.692802
0.65375 0.687008
0.655 0.682954
0.65625 0.681129
0.6575 0.680455
0.65875 0.679285
0.66 0.676081
0.66125 0.671602
0.6625 0.671352
0.66375 0.667168
0.665 0.662719
0.66625 0.660689
0.6675 0.659559
0.66875 0.659914
0.67 0.65549
0.67125 0.648587
0.6725 0.646582
0.67375 0.646192
0.675 0.641119
0.67625 0.639849
0.6775 0.63686
0.67875 0.6361
0.68 0.628232
0.68125 0.629656
0.6825 0.627197
0.68375 0.625067
0.685 0.621153
0.68625 0.618594
0.6875 0.615439
0.68875 0.609666
0.69 0.610411
0.69125 0.606592
0.6925 0.604802
0.69375 0.604192
0.695 0.600143
0.69625 0.598598
0.6975 0.593864
0.69875 0.592385
0.7 0.58974
0.70125 0.58979
0.7025 0.584677
0.70375 0.581742
0.705 0.578178
0.70625 0.578333
0.7075 0.577303
0.70875 0.571949
0.71 0.569695
0.71125 0.567425
0.7125 0.563841
0.71375 0.563876
0.715 0.562966
0.71625 0.558438
0.7175 0.552304
0.71875 0.553624
0.72 0.550724
0.72125 0.549105
0.7225 0.546925
0.72375 0.546095
0.725 0.542366
0.72625 0.537432
0.7275 0.538532
0.72875 0.535633
0.73 0.532443
0.73125 0.529539
0.7325 0.528864
0.73375 0.52751
0.735 0.522541
0.73625 0.520651
0.7375 0.518272
0.73875 0.514737
0.74 0.516562
0.74125 0.510673
0.7425 0.507809
0.74375 0.509389
0.745 0.505984
0.74625 0.50398
0.7475 0.502065
0.74875 0.495877
0.75 0.493577
0.75125 0.491758
0.7525 0.486979
0.75375 0.488878
0.755 0.485569
0.75625 0.48359
0.7575 0.48169
0.75875 0.478161
0.76 0.473742
0.76125 0.471392
0.7625 0.467993
0.76375 0.467793
0.765 0.466129
0.76625 0.46204
0.7675 0.45827
0.76875 0.45859
0.77 0.455566
0.77125 0.450497
0.7725 0.447813
0.77375 0.445858
0.775 0.442689
0.77625 0.43986
0.7775 0.43758
0.77875 0.435656
0.78 0.432831
0.78125 0.429812
0.7825 0.428937
0.78375 0.423523
0.785 0.421954
0.78625 0.419404
0.7875 0.416315
0.78875 0.414795
0.79 0.411086
0.79125 0.411896
0.7925 0.404723
0.79375 0.400129
0.795 0.400764
0.79625 0.398589
0.7975 0.398834
0.79875 0.39247
0.8 0.390911
0.80125 0.388591
0.8025 0.386192
0.80375 0.382393
0.805 0.379323
0.80625 0.378943
0.8075 0.376234
0.80875 0.372845
0.81 0.37042
0.81125 0.368211
0.8125 0.364087
0.81375 0.360043
0.815 0.362147
0.81625 0.359198
0.8175 0.355354
0.81875 0.35183
0.82 0.35166
0.82125 0.346461
0.8225 0.345751
0.82375 0.341952
0.825 0.340197
0.82625 0.339163
0.8275 0.333819
0.82875 0.332444
0.83 0.329215
0.83125 0.329235
0.8325 0.32712
0.83375 0.322251
0.835 0.319982
0.83625 0.317388
0.8375 0.314958
0.83875 0.314958
0.84 0.312504
0.84125 0.306635
0.8425 0.30671
0.84375 0.30471
0.845 0.300246
0.84625 0.299882
0.8475 0.297102
0.84875 0.294688
0.85 0.291948
0.85125 0.290254
0.8525 0.28674
0.85375 0.28508
0.855 0.281421
0.85625 0.282251
0.8575 0.276422
0.85875 0.274052
0.86 0.272593
0.86125 0.271508
0.8625 0.266624
0.86375 0.263715
0.865 0.260835
0.86625 0.2609
0.8675 0.257611
0.86875 0.257461
0.87 0.253137
0.87125 0.251143
0.8725 0.244744
0.87375 0.242845
0.875 0.243075
0.87625 0.24026
0.8775 0.237531
0.87875 0.235276
0.88 0.233112
0.88125 0.227353
0.8825 0.225933
0.88375 0.223954
0.885 0.222914
0.88625 0.21943
0.8875 0.216356
0.88875 0.214581
0.89 0.211472
0.89125 0.208282
0.8925 0.206698
0.89375 0.204263
0.895 0.201794
0.89625 0.19915
0.8975 0.19586
0.89875 0.19526
0.9 0.193951
0.90125 0.190287
0.9025 0.185963
0.90375 0.184938
0.905 0.182648
0.90625 0.178054
0.9075 0.176755
0.90875 0.17513
0.91 0.170496
0.91125 0.170201
0.9125 0.167827
0.91375 0.164677
0.915 0.161313
0.91625 0.158819
0.9175 0.158029
0.91875 0.155534
0.92 0.152395
0.92125 0.150686
0.9225 0.148401
0.92375 0.143377
0.925 0.142218
0.92625 0.138648
0.9275 0.137379
0.92875 0.135319
0.93 0.13283
0.93125 0.129126
0.9325 0.127346
0.93375 0.123002
0.935 0.121297
0.93625 0.119033
0.9375 0.116188
0.93875 0.114234
0.94 0.112529
0.94125 0.109665
0.9425 0.10772
0.94375 0.105446
0.945 0.101457
0.94625 0.0996622
0.9475 0.0970878
0.94875 0.0961231
0.95 0.0935936
0.95125 0.0917341
0.9525 0.08761
0.95375 0.0857204
0.955 0.0826211
0.95625 0.0807916
0.9575 0.0776723
0.95875 0.0762026
0.96 0.074443
0.96125 0.0713737
0.9625 0.0681094
0.96375 0.0668297
0.965 0.0644903
0.96625 0.0624357
0.9675 0.0596314
0.96875 0.0566071
0.97 0.0543626
0.97125 0.052653
0.9725 0.0501186
0.97375 0.0478141
0.975 0.0459495
0.97625 0.0430052
0.9775 0.0402508
0.97875 0.0378764
0.98 0.0356619
0.98125 0.0338023
0.9825 0.0313678
0.98375 0.0288784
0.985 0.0269738
0.98625 0.0251942
0.9875 0.0226798
0.98875 0.0206703
0.99 0.0179809
0.99125 0.0160813
0.9925 0.0134019
0.99375 0.0105426
0.995 0.00882299
0.99625 0.00594364
0.9975 0.00356919
0.99875 0.000994773
