0.01 0.754476 
0.02 0.746103 
0.03 0.73943 
0.04 0.734919 
0.05 0.730024 
0.06 0.725789 
0.07 0.722124 
0.08 0.719276 
0.09 0.716679 
0.10 0.713753 
0.11 0.711691 
0.12 0.709241 
0.13 0.707101 
0.14 0.705687 
0.15 0.703536 
0.16 0.702419 
0.17 0.700917 
0.18 0.69947 
0.19 0.697275 
0.20 0.695912 
0.21 0.694583 
0.22 0.693672 
0.23 0.692694 
0.24 0.691647 
0.25 0.690674 
0.26 0.689729 
0.27 0.688929 
0.28 0.688141 
0.29 0.687036 
0.30 0.68641 
0.31 0.684937 
0.32 0.684224 
0.33 0.683844 
0.34 0.682911 
0.35 0.682437 
0.36 0.681552 
0.37 0.680582 
0.38 0.680004 
0.39 0.679695 
0.40 0.678742 
0.41 0.678219 
0.42 0.677376 
0.43 0.676468 
0.44 0.675874 
0.45 0.67578 
0.46 0.675007 
0.47 0.674365 
0.48 0.673851 
0.49 0.673337 
0.50 0.673281 
0.51 0.672384 
0.52 0.671955 
0.53 0.671267 
0.54 0.670974 
0.55 0.67029 
0.56 0.669812 
0.57 0.669441 
0.58 0.668643 
0.59 0.668349 
0.60 0.667506 
0.61 0.667359 
0.62 0.666693 
0.63 0.666186 
0.64 0.666208 
0.65 0.665614 
0.66 0.665176 
0.67 0.664672 
0.68 0.663907 
0.69 0.663485 
0.70 0.662776 
0.71 0.66241 
0.72 0.662013 
0.73 0.661573 
0.74 0.661289 
0.75 0.660974 
0.76 0.660415 
0.77 0.659641 
0.78 0.659243 
0.79 0.658853 
0.80 0.658388 
0.81 0.657423 
0.82 0.656645 
0.83 0.656619 
0.84 0.656161 
0.85 0.655096 
0.86 0.654792 
0.87 0.65383 
0.88 0.653578 
0.89 0.652632 
0.90 0.652053 
0.91 0.65122 
0.92 0.650626 
0.93 0.649862 
0.94 0.648888 
0.95 0.64745 
0.96 0.646138 
0.97 0.64472 
0.98 0.642958 
0.99 0.640614 
