0.01 0.739895 
0.02 0.732799 
0.03 0.726162 
0.04 0.72136 
0.05 0.716328 
0.06 0.712007 
0.07 0.708435 
0.08 0.705282 
0.09 0.70195 
0.10 0.699086 
0.11 0.696667 
0.12 0.693668 
0.13 0.692144 
0.14 0.689549 
0.15 0.686494 
0.16 0.68572 
0.17 0.683772 
0.18 0.681506 
0.19 0.679813 
0.20 0.679036 
0.21 0.677073 
0.22 0.676006 
0.23 0.674065 
0.24 0.67262 
0.25 0.671568 
0.26 0.670312 
0.27 0.668824 
0.28 0.667684 
0.29 0.666446 
0.30 0.665978 
0.31 0.664446 
0.32 0.663385 
0.33 0.662597 
0.34 0.66142 
0.35 0.660468 
0.36 0.659869 
0.37 0.658901 
0.38 0.657954 
0.39 0.657221 
0.40 0.655893 
0.41 0.655875 
0.42 0.654973 
0.43 0.654037 
0.44 0.652933 
0.45 0.652455 
0.46 0.651636 
0.47 0.651215 
0.48 0.650368 
0.49 0.649431 
0.50 0.649044 
0.51 0.648118 
0.52 0.647606 
0.53 0.647263 
0.54 0.646406 
0.55 0.645879 
0.56 0.645051 
0.57 0.644469 
0.58 0.643698 
0.59 0.643537 
0.60 0.642846 
0.61 0.642221 
0.62 0.641434 
0.63 0.640979 
0.64 0.640506 
0.65 0.639663 
0.66 0.638954 
0.67 0.638375 
0.68 0.638231 
0.69 0.637502 
0.70 0.636591 
0.71 0.63577 
0.72 0.635675 
0.73 0.63492 
0.74 0.634252 
0.75 0.633892 
0.76 0.633199 
0.77 0.632789 
0.78 0.631912 
0.79 0.631432 
0.80 0.63087 
0.81 0.62983 
0.82 0.62973 
0.83 0.628504 
0.84 0.627902 
0.85 0.627304 
0.86 0.626701 
0.87 0.625766 
0.88 0.624851 
0.89 0.624509 
0.90 0.623533 
0.91 0.622477 
0.92 0.622032 
0.93 0.620708 
0.94 0.619837 
0.95 0.618564 
0.96 0.617289 
0.97 0.615716 
0.98 0.6138 
0.99 0.611057 
