0.01 0.213106 
0.02 0.295165 
0.03 0.343745 
0.04 0.380206 
0.05 0.416429 
0.06 0.43938 
0.07 0.463101 
0.08 0.480466 
0.09 0.496458 
0.10 0.509849 
0.11 0.523063 
0.12 0.535822 
0.13 0.544289 
0.14 0.555096 
0.15 0.562473 
0.16 0.572303 
0.17 0.579401 
0.18 0.58665 
0.19 0.590505 
0.20 0.59582 
0.21 0.602785 
0.22 0.608134 
0.23 0.611854 
0.24 0.615495 
0.25 0.621181 
0.26 0.625433 
0.27 0.63114 
0.28 0.632264 
0.29 0.635869 
0.30 0.638506 
0.31 0.644527 
0.32 0.646647 
0.33 0.649053 
0.34 0.650173 
0.35 0.652247 
0.36 0.655532 
0.37 0.657273 
0.38 0.661607 
0.39 0.662836 
0.40 0.664037 
0.41 0.668612 
0.42 0.669156 
0.43 0.671791 
0.44 0.671662 
0.45 0.674878 
0.46 0.677005 
0.47 0.679252 
0.48 0.678768 
0.49 0.682585 
0.50 0.68228 
0.51 0.686355 
0.52 0.685016 
0.53 0.689276 
0.54 0.689427 
0.55 0.691384 
0.56 0.693385 
0.57 0.69356 
0.58 0.696152 
0.59 0.6965 
0.60 0.697941 
0.61 0.699825 
0.62 0.700839 
0.63 0.702246 
0.64 0.704044 
0.65 0.705543 
0.66 0.706574 
0.67 0.710022 
0.68 0.70863 
0.69 0.710144 
0.70 0.712457 
0.71 0.712846 
0.72 0.713671 
0.73 0.715441 
0.74 0.718195 
0.75 0.717496 
0.76 0.720098 
0.77 0.720531 
0.78 0.721732 
0.79 0.723745 
0.80 0.723865 
0.81 0.725776 
0.82 0.725943 
0.83 0.727992 
0.84 0.730439 
0.85 0.730463 
0.86 0.731789 
0.87 0.733798 
0.88 0.734765 
0.89 0.737049 
0.90 0.739278 
0.91 0.73998 
0.92 0.741734 
0.93 0.745065 
0.94 0.746134 
0.95 0.748405 
0.96 0.750301 
0.97 0.753158 
0.98 0.757743 
0.99 0.76221 
