0.01 0.528531 
0.02 0.601606 
0.03 0.63913 
0.04 0.656245 
0.05 0.670862 
0.06 0.680297 
0.07 0.687993 
0.08 0.69241 
0.09 0.694807 
0.10 0.70195 
0.11 0.702345 
0.12 0.71253 
0.13 0.707847 
0.14 0.719497 
0.15 0.719497 
0.16 0.717182 
0.17 0.721804 
0.18 0.728682 
0.19 0.725251 
0.20 0.726778 
0.21 0.724869 
0.22 0.732475 
0.23 0.732475 
0.24 0.729822 
0.25 0.733609 
0.26 0.732854 
0.27 0.734742 
0.28 0.737753 
0.29 0.735119 
0.30 0.737377 
0.31 0.734365 
0.32 0.738504 
0.33 0.738879 
0.34 0.740752 
0.35 0.74262 
0.36 0.7456 
0.37 0.7415 
0.38 0.746714 
0.39 0.744856 
0.40 0.743366 
0.41 0.7456 
0.42 0.747456 
0.43 0.744112 
0.44 0.744856 
0.45 0.754467 
0.46 0.750047 
0.47 0.747085 
0.48 0.746714 
0.49 0.751154 
0.50 0.744484 
0.51 0.75226 
0.52 0.750047 
0.53 0.750416 
0.54 0.749307 
0.55 0.7541 
0.56 0.748197 
0.57 0.754835 
0.58 0.748937 
0.59 0.750416 
0.60 0.753733 
0.61 0.754835 
0.62 0.751892 
0.63 0.755202 
0.64 0.754467 
0.65 0.755935 
0.66 0.762506 
0.67 0.756302 
0.68 0.758497 
0.69 0.758132 
0.70 0.756302 
0.71 0.759593 
0.72 0.760322 
0.73 0.760322 
0.74 0.755935 
0.75 0.759228 
0.76 0.758862 
0.77 0.765408 
0.78 0.763958 
0.79 0.762506 
0.80 0.766131 
0.81 0.763958 
0.82 0.762869 
0.83 0.763232 
0.84 0.762506 
0.85 0.758132 
0.86 0.763958 
0.87 0.76902 
0.88 0.762506 
0.89 0.76974 
0.90 0.76577 
0.91 0.762869 
0.92 0.759228 
0.93 0.765408 
0.94 0.768299 
0.95 0.772974 
0.96 0.771538 
0.97 0.76902 
0.98 0.767577 
0.99 0.766493 
