0.01 0.333775 
0.02 0.433626 
0.03 0.486627 
0.04 0.529317 
0.05 0.554003 
0.06 0.57991 
0.07 0.59384 
0.08 0.605966 
0.09 0.61931 
0.10 0.629408 
0.11 0.636305 
0.12 0.643774 
0.13 0.647102 
0.14 0.655928 
0.15 0.658248 
0.16 0.663176 
0.17 0.667653 
0.18 0.6721 
0.19 0.67457 
0.20 0.67989 
0.21 0.67938 
0.22 0.683447 
0.23 0.685875 
0.24 0.689603 
0.25 0.690506 
0.26 0.69321 
0.27 0.694807 
0.28 0.695007 
0.29 0.698983 
0.30 0.698785 
0.31 0.701555 
0.32 0.703724 
0.33 0.706378 
0.34 0.706378 
0.35 0.706574 
0.36 0.710192 
0.37 0.710972 
0.38 0.712919 
0.39 0.713016 
0.40 0.714278 
0.41 0.71515 
0.42 0.717954 
0.43 0.719208 
0.44 0.719882 
0.45 0.722859 
0.46 0.720363 
0.47 0.719497 
0.48 0.719208 
0.49 0.723817 
0.50 0.725156 
0.51 0.72611 
0.52 0.727445 
0.53 0.729062 
0.54 0.728111 
0.55 0.731434 
0.56 0.729727 
0.57 0.733326 
0.58 0.732097 
0.59 0.733987 
0.60 0.732192 
0.61 0.736719 
0.62 0.734459 
0.63 0.733609 
0.64 0.736719 
0.65 0.736531 
0.66 0.737001 
0.67 0.736061 
0.68 0.737847 
0.69 0.737847 
0.70 0.740004 
0.71 0.741407 
0.72 0.744298 
0.73 0.740565 
0.74 0.744391 
0.75 0.745321 
0.76 0.745321 
0.77 0.7429 
0.78 0.746343 
0.79 0.746343 
0.80 0.745135 
0.81 0.748197 
0.82 0.749954 
0.83 0.751431 
0.84 0.750508 
0.85 0.753365 
0.86 0.75226 
0.87 0.75226 
0.88 0.751154 
0.89 0.75621 
0.90 0.753365 
0.91 0.757309 
0.92 0.756393 
0.93 0.758771 
0.94 0.761597 
0.95 0.758771 
0.96 0.759684 
0.97 0.761506 
0.98 0.765227 
0.99 0.767396 
