0.01 0.752243 
0.02 0.744402 
0.03 0.737853 
0.04 0.733604 
0.05 0.729187 
0.06 0.725424 
0.07 0.722194 
0.08 0.720152 
0.09 0.717635 
0.10 0.714878 
0.11 0.712499 
0.12 0.710442 
0.13 0.709137 
0.14 0.706727 
0.15 0.705562 
0.16 0.704278 
0.17 0.702166 
0.18 0.701148 
0.19 0.699676 
0.20 0.698927 
0.21 0.697072 
0.22 0.695903 
0.23 0.693535 
0.24 0.693591 
0.25 0.693341 
0.26 0.69164 
0.27 0.690795 
0.28 0.690067 
0.29 0.688597 
0.30 0.687628 
0.31 0.686683 
0.32 0.685623 
0.33 0.685339 
0.34 0.684441 
0.35 0.683314 
0.36 0.682477 
0.37 0.68052 
0.38 0.680462 
0.39 0.678972 
0.40 0.679278 
0.41 0.678551 
0.42 0.676531 
0.43 0.676627 
0.44 0.675705 
0.45 0.675019 
0.46 0.674628 
0.47 0.67322 
0.48 0.672339 
0.49 0.671456 
0.50 0.671275 
0.51 0.67072 
0.52 0.669538 
0.53 0.669421 
0.54 0.668275 
0.55 0.666868 
0.56 0.666705 
0.57 0.665711 
0.58 0.664448 
0.59 0.6636 
0.60 0.663457 
0.61 0.662176 
0.62 0.661869 
0.63 0.660625 
0.64 0.659962 
0.65 0.658682 
0.66 0.658931 
0.67 0.657221 
0.68 0.656502 
0.69 0.655287 
0.70 0.654957 
0.71 0.65366 
0.72 0.652586 
0.73 0.651463 
0.74 0.650492 
0.75 0.648886 
0.76 0.64765 
0.77 0.646446 
0.78 0.644923 
0.79 0.643189 
0.80 0.64234 
0.81 0.64126 
0.82 0.639347 
0.83 0.638092 
0.84 0.636305 
0.85 0.635508 
0.86 0.632784 
0.87 0.630281 
0.88 0.62792 
0.89 0.625274 
0.90 0.624823 
0.91 0.621404 
0.92 0.618625 
0.93 0.615896 
0.94 0.611096 
0.95 0.607344 
0.96 0.602303 
0.97 0.595776 
0.98 0.588875 
0.99 0.578736 
