0.01 0.578616 
0.02 0.588669 
0.03 0.596858 
0.04 0.602073 
0.05 0.607415 
0.06 0.611904 
0.07 0.615713 
0.08 0.6181 
0.09 0.621021 
0.10 0.624192 
0.11 0.626906 
0.12 0.629236 
0.13 0.630707 
0.14 0.633406 
0.15 0.634704 
0.16 0.636128 
0.17 0.638459 
0.18 0.639577 
0.19 0.641186 
0.20 0.642003 
0.21 0.644016 
0.22 0.645279 
0.23 0.647824 
0.24 0.647764 
0.25 0.648031 
0.26 0.649846 
0.27 0.650745 
0.28 0.651516 
0.29 0.65307 
0.30 0.65409 
0.31 0.655082 
0.32 0.656192 
0.33 0.656489 
0.34 0.657425 
0.35 0.658596 
0.36 0.659463 
0.37 0.661483 
0.38 0.661542 
0.39 0.663072 
0.40 0.662758 
0.41 0.663502 
0.42 0.665561 
0.43 0.665464 
0.44 0.6664 
0.45 0.667095 
0.46 0.667491 
0.47 0.66891 
0.48 0.669796 
0.49 0.670681 
0.50 0.670862 
0.51 0.671417 
0.52 0.672596 
0.53 0.672712 
0.54 0.67385 
0.55 0.675243 
0.56 0.675404 
0.57 0.676384 
0.58 0.677625 
0.59 0.678455 
0.60 0.678595 
0.61 0.679845 
0.62 0.680144 
0.63 0.681353 
0.64 0.681994 
0.65 0.683231 
0.66 0.68299 
0.67 0.684637 
0.68 0.685326 
0.69 0.686487 
0.70 0.686803 
0.71 0.688037 
0.72 0.689056 
0.73 0.690117 
0.74 0.691033 
0.75 0.692541 
0.76 0.693697 
0.77 0.69482 
0.78 0.696233 
0.79 0.697836 
0.80 0.698617 
0.81 0.699608 
0.82 0.701358 
0.83 0.702499 
0.84 0.704118 
0.85 0.704837 
0.86 0.707284 
0.87 0.709515 
0.88 0.711606 
0.89 0.713932 
0.90 0.714326 
0.91 0.717303 
0.92 0.719701 
0.93 0.722038 
0.94 0.726104 
0.95 0.729246 
0.96 0.733415 
0.97 0.738727 
0.98 0.74424 
0.99 0.752151 
