0.01 0.528113 
0.02 0.541321 
0.03 0.54927 
0.04 0.55586 
0.05 0.561934 
0.06 0.567509 
0.07 0.569664 
0.08 0.575698 
0.09 0.578616 
0.10 0.582019 
0.11 0.585009 
0.12 0.588544 
0.13 0.589984 
0.14 0.593344 
0.15 0.595689 
0.16 0.597692 
0.17 0.6002 
0.18 0.60239 
0.19 0.603639 
0.20 0.606402 
0.21 0.608583 
0.22 0.61082 
0.23 0.611727 
0.24 0.613134 
0.25 0.615432 
0.26 0.616872 
0.27 0.61838 
0.28 0.62063 
0.29 0.621579 
0.30 0.623665 
0.31 0.624463 
0.32 0.626 
0.33 0.628527 
0.34 0.629099 
0.35 0.630968 
0.36 0.632572 
0.37 0.632859 
0.38 0.634915 
0.39 0.636407 
0.40 0.637638 
0.41 0.639042 
0.42 0.639678 
0.43 0.640889 
0.44 0.641922 
0.45 0.643942 
0.46 0.645333 
0.47 0.646318 
0.48 0.648024 
0.49 0.648265 
0.50 0.649866 
0.51 0.651889 
0.52 0.652519 
0.53 0.653666 
0.54 0.654494 
0.55 0.656819 
0.56 0.657359 
0.57 0.657998 
0.58 0.660559 
0.59 0.661973 
0.60 0.66266 
0.61 0.663457 
0.62 0.664956 
0.63 0.666543 
0.64 0.667575 
0.65 0.66891 
0.66 0.670798 
0.67 0.671965 
0.68 0.673034 
0.69 0.674075 
0.70 0.67632 
0.71 0.677267 
0.72 0.678161 
0.73 0.679877 
0.74 0.681137 
0.75 0.682286 
0.76 0.684384 
0.77 0.686305 
0.78 0.688258 
0.79 0.689314 
0.80 0.691271 
0.81 0.692804 
0.82 0.694826 
0.83 0.696463 
0.84 0.698375 
0.85 0.699955 
0.86 0.702456 
0.87 0.704948 
0.88 0.707192 
0.89 0.709576 
0.90 0.711514 
0.91 0.714429 
0.92 0.717061 
0.93 0.720261 
0.94 0.723948 
0.95 0.728254 
0.96 0.732877 
0.97 0.737095 
0.98 0.743174 
0.99 0.752145 
