0.01 0.755116 
0.02 0.746649 
0.03 0.740217 
0.04 0.734994 
0.05 0.731719 
0.06 0.72856 
0.07 0.72465 
0.08 0.722197 
0.09 0.720294 
0.10 0.718001 
0.11 0.716014 
0.12 0.714234 
0.13 0.712346 
0.14 0.710603 
0.15 0.709211 
0.16 0.707945 
0.17 0.706369 
0.18 0.704717 
0.19 0.703496 
0.20 0.703307 
0.21 0.701032 
0.22 0.699999 
0.23 0.69952 
0.24 0.698332 
0.25 0.697438 
0.26 0.696453 
0.27 0.695276 
0.28 0.694974 
0.29 0.693337 
0.30 0.69225 
0.31 0.691557 
0.32 0.690195 
0.33 0.689986 
0.34 0.689082 
0.35 0.68845 
0.36 0.687646 
0.37 0.686948 
0.38 0.68591 
0.39 0.685227 
0.40 0.685033 
0.41 0.684343 
0.42 0.683555 
0.43 0.682745 
0.44 0.682086 
0.45 0.681344 
0.46 0.680824 
0.47 0.679701 
0.48 0.679316 
0.49 0.678653 
0.50 0.678103 
0.51 0.67782 
0.52 0.676698 
0.53 0.676289 
0.54 0.67506 
0.55 0.67459 
0.56 0.67355 
0.57 0.672942 
0.58 0.672492 
0.59 0.671388 
0.60 0.670514 
0.61 0.669798 
0.62 0.668905 
0.63 0.668673 
0.64 0.668337 
0.65 0.667464 
0.66 0.666302 
0.67 0.666069 
0.68 0.66465 
0.69 0.663722 
0.70 0.662398 
0.71 0.661779 
0.72 0.661333 
0.73 0.660076 
0.74 0.659506 
0.75 0.658515 
0.76 0.657494 
0.77 0.656854 
0.78 0.654891 
0.79 0.654874 
0.80 0.652944 
0.81 0.65256 
0.82 0.65068 
0.83 0.649511 
0.84 0.649278 
0.85 0.647126 
0.86 0.645825 
0.87 0.644114 
0.88 0.64295 
0.89 0.64114 
0.90 0.63892 
0.91 0.636653 
0.92 0.635376 
0.93 0.632297 
0.94 0.630292 
0.95 0.627088 
0.96 0.623985 
0.97 0.620558 
0.98 0.615471 
0.99 0.607221 
