0.01 0.529266 
0.02 0.546056 
0.03 0.558353 
0.04 0.568065 
0.05 0.574038 
0.06 0.579715 
0.07 0.586633 
0.08 0.590913 
0.09 0.594202 
0.10 0.598131 
0.11 0.601502 
0.12 0.6045 
0.13 0.607656 
0.14 0.610546 
0.15 0.612841 
0.16 0.614915 
0.17 0.617483 
0.18 0.620159 
0.19 0.622124 
0.20 0.622427 
0.21 0.626062 
0.22 0.6277 
0.23 0.628459 
0.24 0.630332 
0.25 0.631735 
0.26 0.633276 
0.27 0.63511 
0.28 0.63558 
0.29 0.638114 
0.30 0.639787 
0.31 0.64085 
0.32 0.642932 
0.33 0.64325 
0.34 0.644625 
0.35 0.645583 
0.36 0.646799 
0.37 0.647852 
0.38 0.649411 
0.39 0.650434 
0.40 0.650724 
0.41 0.651754 
0.42 0.652927 
0.43 0.654129 
0.44 0.655106 
0.45 0.656201 
0.46 0.656967 
0.47 0.658615 
0.48 0.65918 
0.49 0.660149 
0.50 0.66095 
0.51 0.661362 
0.52 0.662992 
0.53 0.663585 
0.54 0.665359 
0.55 0.666036 
0.56 0.667529 
0.57 0.668399 
0.58 0.669042 
0.59 0.670614 
0.60 0.671855 
0.61 0.672868 
0.62 0.674129 
0.63 0.674455 
0.64 0.674929 
0.65 0.676154 
0.66 0.677779 
0.67 0.678104 
0.68 0.680079 
0.69 0.681364 
0.70 0.683192 
0.71 0.684043 
0.72 0.684655 
0.73 0.686375 
0.74 0.687153 
0.75 0.688501 
0.76 0.689885 
0.77 0.69075 
0.78 0.693393 
0.79 0.693415 
0.80 0.695995 
0.81 0.696506 
0.82 0.698999 
0.83 0.700542 
0.84 0.700848 
0.85 0.703668 
0.86 0.705364 
0.87 0.707582 
0.88 0.709083 
0.89 0.711407 
0.90 0.714237 
0.91 0.717107 
0.92 0.718712 
0.93 0.722558 
0.94 0.725041 
0.95 0.728976 
0.96 0.732747 
0.97 0.736868 
0.98 0.742902 
0.99 0.752481 
