0.01 0.219433 
0.02 0.281959 
0.03 0.329466 
0.04 0.359724 
0.05 0.388721 
0.06 0.411849 
0.07 0.429935 
0.08 0.445214 
0.09 0.460739 
0.10 0.473622 
0.11 0.484201 
0.12 0.496946 
0.13 0.503284 
0.14 0.513859 
0.15 0.525985 
0.16 0.529006 
0.17 0.536516 
0.18 0.545099 
0.19 0.551402 
0.20 0.554269 
0.21 0.561426 
0.22 0.565269 
0.23 0.572182 
0.24 0.57726 
0.25 0.580924 
0.26 0.585261 
0.27 0.590344 
0.28 0.594204 
0.29 0.598358 
0.30 0.599919 
0.31 0.604993 
0.32 0.608476 
0.33 0.611047 
0.34 0.614862 
0.35 0.617924 
0.36 0.619842 
0.37 0.622922 
0.38 0.625917 
0.39 0.628224 
0.40 0.632373 
0.41 0.632428 
0.42 0.635229 
0.43 0.638113 
0.44 0.641497 
0.45 0.642953 
0.46 0.64544 
0.47 0.646713 
0.48 0.649266 
0.49 0.652075 
0.50 0.653229 
0.51 0.655981 
0.52 0.657497 
0.53 0.658511 
0.54 0.661031 
0.55 0.662575 
0.56 0.664989 
0.57 0.66668 
0.58 0.66891 
0.59 0.669376 
0.60 0.671365 
0.61 0.673156 
0.62 0.675404 
0.63 0.676698 
0.64 0.67804 
0.65 0.680424 
0.66 0.68242 
0.67 0.684042 
0.68 0.684447 
0.69 0.686481 
0.70 0.689012 
0.71 0.691283 
0.72 0.691546 
0.73 0.693622 
0.74 0.695455 
0.75 0.696438 
0.76 0.698326 
0.77 0.699441 
0.78 0.701814 
0.79 0.703109 
0.80 0.704622 
0.81 0.707407 
0.82 0.707676 
0.83 0.710936 
0.84 0.71253 
0.85 0.714108 
0.86 0.715695 
0.87 0.718147 
0.88 0.720531 
0.89 0.72142 
0.90 0.723948 
0.91 0.726671 
0.92 0.727814 
0.93 0.731197 
0.94 0.733409 
0.95 0.736625 
0.96 0.739828 
0.97 0.743751 
0.98 0.748486 
0.99 0.75519 
