0.01 0.678968 
0.02 0.677096 
0.03 0.675907 
0.04 0.674904 
0.05 0.674198 
0.06 0.673744 
0.07 0.673343 
0.08 0.672891 
0.09 0.672542 
0.10 0.67226 
0.11 0.67211 
0.12 0.671864 
0.13 0.671621 
0.14 0.671428 
0.15 0.671425 
0.16 0.671198 
0.17 0.671125 
0.18 0.671052 
0.19 0.670809 
0.20 0.670689 
0.21 0.670572 
0.22 0.670475 
0.23 0.670542 
0.24 0.670435 
0.25 0.670362 
0.26 0.670225 
0.27 0.670245 
0.28 0.670019 
0.29 0.670089 
0.30 0.670052 
0.31 0.669982 
0.32 0.669915 
0.33 0.669825 
0.34 0.669672 
0.35 0.669768 
0.36 0.669762 
0.37 0.669612 
0.38 0.669672 
0.39 0.669565 
0.40 0.669622 
0.41 0.669555 
0.42 0.669478 
0.43 0.669508 
0.44 0.669531 
0.45 0.669331 
0.46 0.669365 
0.47 0.669308 
0.48 0.669248 
0.49 0.669127 
0.50 0.669161 
0.51 0.669147 
0.52 0.669121 
0.53 0.669141 
0.54 0.669091 
0.55 0.669031 
0.56 0.669107 
0.57 0.66895 
0.58 0.668967 
0.59 0.668944 
0.60 0.66895 
0.61 0.66899 
0.62 0.668894 
0.63 0.668947 
0.64 0.668797 
0.65 0.668807 
0.66 0.668827 
0.67 0.668773 
0.68 0.668713 
0.69 0.66873 
0.70 0.668666 
0.71 0.668683 
0.72 0.668553 
0.73 0.668596 
0.74 0.668563 
0.75 0.668569 
0.76 0.668523 
0.77 0.668442 
0.78 0.668446 
0.79 0.668549 
0.80 0.668442 
0.81 0.668499 
0.82 0.668432 
0.83 0.668319 
0.84 0.668352 
0.85 0.668295 
0.86 0.668282 
0.87 0.668252 
0.88 0.668155 
0.89 0.668131 
0.90 0.668198 
0.91 0.668148 
0.92 0.668135 
0.93 0.668001 
0.94 0.668058 
0.95 0.667991 
0.96 0.667951 
0.97 0.667844 
0.98 0.667867 
0.99 0.66765 
