0.01 0.712891 
0.02 0.708857 
0.03 0.705319 
0.04 0.702612 
0.05 0.70044 
0.06 0.69786 
0.07 0.69579 
0.08 0.694013 
0.09 0.692603 
0.10 0.691054 
0.11 0.689606 
0.12 0.688285 
0.13 0.68722 
0.14 0.685922 
0.15 0.685338 
0.16 0.684254 
0.17 0.683092 
0.18 0.682349 
0.19 0.681863 
0.20 0.681126 
0.21 0.680122 
0.22 0.67962 
0.23 0.678815 
0.24 0.678454 
0.25 0.677651 
0.26 0.677443 
0.27 0.676979 
0.28 0.676438 
0.29 0.675911 
0.30 0.675761 
0.31 0.675281 
0.32 0.674794 
0.33 0.674284 
0.34 0.674063 
0.35 0.673527 
0.36 0.673384 
0.37 0.673112 
0.38 0.67245 
0.39 0.672163 
0.40 0.672152 
0.41 0.671688 
0.42 0.671342 
0.43 0.670932 
0.44 0.670678 
0.45 0.670438 
0.46 0.670021 
0.47 0.670058 
0.48 0.669921 
0.49 0.669577 
0.50 0.6693 
0.51 0.669004 
0.52 0.668856 
0.53 0.668771 
0.54 0.668331 
0.55 0.668161 
0.56 0.667838 
0.57 0.667831 
0.58 0.667182 
0.59 0.66713 
0.60 0.667015 
0.61 0.667004 
0.62 0.666537 
0.63 0.666329 
0.64 0.66628 
0.65 0.665976 
0.66 0.665883 
0.67 0.665396 
0.68 0.665504 
0.69 0.665084 
0.70 0.665046 
0.71 0.664894 
0.72 0.664603 
0.73 0.66438 
0.74 0.664156 
0.75 0.663993 
0.76 0.663694 
0.77 0.663545 
0.78 0.663303 
0.79 0.663459 
0.80 0.663053 
0.81 0.662952 
0.82 0.66278 
0.83 0.662504 
0.84 0.662429 
0.85 0.662056 
0.86 0.661899 
0.87 0.661865 
0.88 0.661443 
0.89 0.661199 
0.90 0.660825 
0.91 0.66051 
0.92 0.660331 
0.93 0.659884 
0.94 0.659873 
0.95 0.659742 
0.96 0.658676 
0.97 0.658507 
0.98 0.65792 
0.99 0.657036 
