0.01 0.712867 
0.02 0.708675 
0.03 0.70554 
0.04 0.702862 
0.05 0.699924 
0.06 0.697916 
0.07 0.695722 
0.08 0.694038 
0.09 0.692428 
0.10 0.691036 
0.11 0.689624 
0.12 0.688223 
0.13 0.687274 
0.14 0.686038 
0.15 0.685179 
0.16 0.684015 
0.17 0.683161 
0.18 0.682276 
0.19 0.681801 
0.20 0.68114 
0.21 0.680264 
0.22 0.679584 
0.23 0.679107 
0.24 0.678636 
0.25 0.677896 
0.26 0.677337 
0.27 0.676581 
0.28 0.676431 
0.29 0.675948 
0.30 0.675592 
0.31 0.674775 
0.32 0.674485 
0.33 0.674155 
0.34 0.674001 
0.35 0.673715 
0.36 0.673259 
0.37 0.673016 
0.38 0.67241 
0.39 0.672237 
0.40 0.672067 
0.41 0.671419 
0.42 0.671342 
0.43 0.670965 
0.44 0.670984 
0.45 0.670523 
0.46 0.670216 
0.47 0.669891 
0.48 0.669962 
0.49 0.669407 
0.50 0.669452 
0.51 0.668856 
0.52 0.669052 
0.53 0.668427 
0.54 0.668405 
0.55 0.668116 
0.56 0.66782 
0.57 0.667794 
0.58 0.667408 
0.59 0.667357 
0.60 0.667141 
0.61 0.66686 
0.62 0.666707 
0.63 0.666496 
0.64 0.666225 
0.65 0.665998 
0.66 0.665842 
0.67 0.665318 
0.68 0.66553 
0.69 0.665299 
0.70 0.664946 
0.71 0.664886 
0.72 0.66476 
0.73 0.664488 
0.74 0.664063 
0.75 0.664171 
0.76 0.663769 
0.77 0.663702 
0.78 0.663515 
0.79 0.663202 
0.80 0.663183 
0.81 0.662885 
0.82 0.662859 
0.83 0.662538 
0.84 0.662153 
0.85 0.662149 
0.86 0.66194 
0.87 0.661622 
0.88 0.661469 
0.89 0.661106 
0.90 0.66075 
0.91 0.660638 
0.92 0.660357 
0.93 0.659821 
0.94 0.659648 
0.95 0.65928 
0.96 0.658973 
0.97 0.658507 
0.98 0.657755 
0.99 0.657017 
