0.01 0.212537 
0.02 0.292097 
0.03 0.346905 
0.04 0.383427 
0.05 0.410311 
0.06 0.44001 
0.07 0.46239 
0.08 0.480718 
0.09 0.494746 
0.10 0.509679 
0.11 0.523228 
0.12 0.535272 
0.13 0.544766 
0.14 0.556094 
0.15 0.561117 
0.16 0.570302 
0.17 0.579969 
0.18 0.586059 
0.19 0.590006 
0.20 0.595936 
0.21 0.603904 
0.22 0.60785 
0.23 0.614115 
0.24 0.616901 
0.25 0.623047 
0.26 0.624629 
0.27 0.628141 
0.28 0.632209 
0.29 0.636142 
0.30 0.637257 
0.31 0.640808 
0.32 0.644393 
0.33 0.648118 
0.34 0.64972 
0.35 0.6536 
0.36 0.654633 
0.37 0.656588 
0.38 0.661319 
0.39 0.663359 
0.40 0.663437 
0.41 0.666718 
0.42 0.669156 
0.43 0.672023 
0.44 0.673799 
0.45 0.675468 
0.46 0.678359 
0.47 0.678104 
0.48 0.679048 
0.49 0.681416 
0.50 0.68332 
0.51 0.685345 
0.52 0.686355 
0.53 0.686935 
0.54 0.689929 
0.55 0.691083 
0.56 0.69326 
0.57 0.69331 
0.58 0.697668 
0.59 0.698016 
0.60 0.698785 
0.61 0.698859 
0.62 0.701975 
0.63 0.703355 
0.64 0.703675 
0.65 0.705691 
0.66 0.706304 
0.67 0.709509 
0.68 0.708801 
0.69 0.711557 
0.70 0.7118 
0.71 0.712797 
0.72 0.71469 
0.73 0.716143 
0.74 0.717592 
0.75 0.718654 
0.76 0.720579 
0.77 0.72154 
0.78 0.723099 
0.79 0.722092 
0.80 0.724702 
0.81 0.725347 
0.82 0.726444 
0.83 0.728207 
0.84 0.728682 
0.85 0.731055 
0.86 0.73205 
0.87 0.732262 
0.88 0.73493 
0.89 0.736461 
0.90 0.738809 
0.91 0.740776 
0.92 0.741897 
0.93 0.74467 
0.94 0.74474 
0.95 0.745553 
0.96 0.752122 
0.97 0.753158 
0.98 0.756737 
0.99 0.762097 
