0.01 0.650959 
0.02 0.65046 
0.03 0.650178 
0.04 0.650044 
0.05 0.649926 
0.06 0.649849 
0.07 0.649785 
0.08 0.649748 
0.09 0.649728 
0.10 0.649668 
0.11 0.649664 
0.12 0.649577 
0.13 0.649617 
0.14 0.649516 
0.15 0.649516 
0.16 0.649537 
0.17 0.649496 
0.18 0.649436 
0.19 0.649466 
0.20 0.649453 
0.21 0.649469 
0.22 0.649402 
0.23 0.649402 
0.24 0.649426 
0.25 0.649392 
0.26 0.649399 
0.27 0.649382 
0.28 0.649355 
0.29 0.649379 
0.30 0.649359 
0.31 0.649385 
0.32 0.649348 
0.33 0.649345 
0.34 0.649328 
0.35 0.649311 
0.36 0.649285 
0.37 0.649322 
0.38 0.649275 
0.39 0.649291 
0.40 0.649305 
0.41 0.649285 
0.42 0.649268 
0.43 0.649298 
0.44 0.649291 
0.45 0.649204 
0.46 0.649244 
0.47 0.649271 
0.48 0.649275 
0.49 0.649234 
0.50 0.649295 
0.51 0.649224 
0.52 0.649244 
0.53 0.649241 
0.54 0.649251 
0.55 0.649207 
0.56 0.649261 
0.57 0.649201 
0.58 0.649254 
0.59 0.649241 
0.60 0.649211 
0.61 0.649201 
0.62 0.649227 
0.63 0.649197 
0.64 0.649204 
0.65 0.64919 
0.66 0.64913 
0.67 0.649187 
0.68 0.649167 
0.69 0.64917 
0.70 0.649187 
0.71 0.649157 
0.72 0.64915 
0.73 0.64915 
0.74 0.64919 
0.75 0.64916 
0.76 0.649164 
0.77 0.649103 
0.78 0.649117 
0.79 0.64913 
0.80 0.649096 
0.81 0.649117 
0.82 0.649127 
0.83 0.649123 
0.84 0.64913 
0.85 0.64917 
0.86 0.649117 
0.87 0.649069 
0.88 0.64913 
0.89 0.649063 
0.90 0.6491 
0.91 0.649127 
0.92 0.64916 
0.93 0.649103 
0.94 0.649076 
0.95 0.649033 
0.96 0.649046 
0.97 0.649069 
0.98 0.649083 
0.99 0.649093 
