0.01 0.464399 
0.02 0.484757 
0.03 0.499062 
0.04 0.510254 
0.05 0.519826 
0.06 0.526218 
0.07 0.532749 
0.08 0.539191 
0.09 0.545874 
0.10 0.550424 
0.11 0.553442 
0.12 0.560236 
0.13 0.562662 
0.14 0.567133 
0.15 0.571183 
0.16 0.572603 
0.17 0.578611 
0.18 0.580979 
0.19 0.582896 
0.20 0.585819 
0.21 0.588665 
0.22 0.591073 
0.23 0.592984 
0.24 0.596385 
0.25 0.598586 
0.26 0.600456 
0.27 0.602695 
0.28 0.604786 
0.29 0.607742 
0.30 0.608948 
0.31 0.612114 
0.32 0.613226 
0.33 0.615852 
0.34 0.616532 
0.35 0.618695 
0.36 0.621231 
0.37 0.622436 
0.38 0.624939 
0.39 0.625676 
0.40 0.628451 
0.41 0.629234 
0.42 0.631163 
0.43 0.632912 
0.44 0.635003 
0.45 0.635728 
0.46 0.638098 
0.47 0.639688 
0.48 0.641782 
0.49 0.64294 
0.50 0.644446 
0.51 0.646386 
0.52 0.646799 
0.53 0.649644 
0.54 0.649394 
0.55 0.651328 
0.56 0.652558 
0.57 0.654586 
0.58 0.656496 
0.59 0.65723 
0.60 0.65856 
0.61 0.659943 
0.62 0.661766 
0.63 0.663743 
0.64 0.664492 
0.65 0.666382 
0.66 0.668 
0.67 0.669825 
0.68 0.671223 
0.69 0.672151 
0.70 0.673545 
0.71 0.675371 
0.72 0.676503 
0.73 0.678513 
0.74 0.679848 
0.75 0.682248 
0.76 0.683069 
0.77 0.685611 
0.78 0.686886 
0.79 0.688273 
0.80 0.690553 
0.81 0.691902 
0.82 0.693385 
0.83 0.696401 
0.84 0.698054 
0.85 0.7004 
0.86 0.702215 
0.87 0.70471 
0.88 0.7069 
0.89 0.708921 
0.90 0.712334 
0.91 0.714251 
0.92 0.717041 
0.93 0.720503 
0.94 0.724116 
0.95 0.727955 
0.96 0.731509 
0.97 0.737401 
0.98 0.742867 
0.99 0.75131 
