0.01 0.690711 
0.02 0.687029 
0.03 0.683841 
0.04 0.681202 
0.05 0.678808 
0.06 0.676489 
0.07 0.674144 
0.08 0.672329 
0.09 0.670799 
0.10 0.669492 
0.11 0.667705 
0.12 0.666637 
0.13 0.665091 
0.14 0.664089 
0.15 0.663038 
0.16 0.661992 
0.17 0.661323 
0.18 0.660364 
0.19 0.659678 
0.20 0.658804 
0.21 0.658026 
0.22 0.657311 
0.23 0.656693 
0.24 0.656109 
0.25 0.655075 
0.26 0.654421 
0.27 0.65427 
0.28 0.653774 
0.29 0.653365 
0.30 0.652516 
0.31 0.652312 
0.32 0.65205 
0.33 0.651184 
0.34 0.651078 
0.35 0.650701 
0.36 0.650127 
0.37 0.64975 
0.38 0.649438 
0.39 0.648942 
0.40 0.648751 
0.41 0.648557 
0.42 0.648004 
0.43 0.647912 
0.44 0.647381 
0.45 0.647228 
0.46 0.646914 
0.47 0.646555 
0.48 0.646306 
0.49 0.646268 
0.50 0.645827 
0.51 0.645685 
0.52 0.644976 
0.53 0.644765 
0.54 0.644631 
0.55 0.644446 
0.56 0.644504 
0.57 0.643947 
0.58 0.643766 
0.59 0.643582 
0.60 0.643363 
0.61 0.64319 
0.62 0.642866 
0.63 0.642489 
0.64 0.64235 
0.65 0.642166 
0.66 0.64205 
0.67 0.641838 
0.68 0.641653 
0.69 0.641695 
0.70 0.641167 
0.71 0.640734 
0.72 0.640754 
0.73 0.64046 
0.74 0.640487 
0.75 0.640097 
0.76 0.639849 
0.77 0.639911 
0.78 0.639432 
0.79 0.639107 
0.80 0.639145 
0.81 0.638677 
0.82 0.638487 
0.83 0.638545 
0.84 0.638281 
0.85 0.638014 
0.86 0.637575 
0.87 0.637381 
0.88 0.63716 
0.89 0.636849 
0.90 0.636379 
0.91 0.636422 
0.92 0.635838 
0.93 0.635846 
0.94 0.635227 
0.95 0.634943 
0.96 0.634572 
0.97 0.634139 
0.98 0.633394 
0.99 0.632737 
