0.01 0.752554 
0.02 0.74311 
0.03 0.737254 
0.04 0.732298 
0.05 0.727647 
0.06 0.723308 
0.07 0.721612 
0.08 0.716807 
0.09 0.714454 
0.10 0.711685 
0.11 0.709228 
0.12 0.706298 
0.13 0.705095 
0.14 0.702271 
0.15 0.700283 
0.16 0.698574 
0.17 0.69642 
0.18 0.694527 
0.19 0.693441 
0.20 0.691027 
0.21 0.689106 
0.22 0.687124 
0.23 0.686317 
0.24 0.685061 
0.25 0.682997 
0.26 0.681696 
0.27 0.680329 
0.28 0.678276 
0.29 0.677408 
0.30 0.675487 
0.31 0.674749 
0.32 0.673323 
0.33 0.670965 
0.34 0.67043 
0.35 0.668671 
0.36 0.667153 
0.37 0.666881 
0.38 0.664924 
0.39 0.663496 
0.40 0.662314 
0.41 0.660959 
0.42 0.660343 
0.43 0.659168 
0.44 0.658162 
0.45 0.656185 
0.46 0.654818 
0.47 0.653845 
0.48 0.652154 
0.49 0.651915 
0.50 0.650319 
0.51 0.648292 
0.52 0.647657 
0.53 0.646499 
0.54 0.645661 
0.55 0.643296 
0.56 0.642744 
0.57 0.64209 
0.58 0.639455 
0.59 0.637991 
0.60 0.637278 
0.61 0.636448 
0.62 0.634881 
0.63 0.633215 
0.64 0.632127 
0.65 0.630714 
0.66 0.628706 
0.67 0.627458 
0.68 0.626312 
0.69 0.625191 
0.70 0.622762 
0.71 0.621732 
0.72 0.620756 
0.73 0.618877 
0.74 0.61749 
0.75 0.616219 
0.76 0.613889 
0.77 0.611741 
0.78 0.609543 
0.79 0.608348 
0.80 0.606123 
0.81 0.60437 
0.82 0.602045 
0.83 0.60015 
0.84 0.597924 
0.85 0.596074 
0.86 0.593125 
0.87 0.590161 
0.88 0.587469 
0.89 0.584587 
0.90 0.582227 
0.91 0.578646 
0.92 0.575382 
0.93 0.571372 
0.94 0.566692 
0.95 0.561148 
0.96 0.555096 
0.97 0.549483 
0.98 0.541233 
0.99 0.528695 
