0.01 0.20346 
0.02 0.277314 
0.03 0.327858 
0.04 0.364293 
0.05 0.394339 
0.06 0.421308 
0.07 0.446845 
0.08 0.4656 
0.09 0.480791 
0.10 0.493379 
0.11 0.510053 
0.12 0.519741 
0.13 0.533424 
0.14 0.542088 
0.15 0.551025 
0.16 0.559757 
0.17 0.565269 
0.18 0.573059 
0.19 0.578564 
0.20 0.585498 
0.21 0.59159 
0.22 0.597126 
0.23 0.601865 
0.24 0.606309 
0.25 0.614086 
0.26 0.618947 
0.27 0.620065 
0.28 0.623714 
0.29 0.626706 
0.30 0.632866 
0.31 0.634342 
0.32 0.636223 
0.33 0.642401 
0.34 0.643155 
0.35 0.645816 
0.36 0.649853 
0.37 0.652486 
0.38 0.654659 
0.39 0.65809 
0.40 0.659404 
0.41 0.660743 
0.42 0.664533 
0.43 0.665158 
0.44 0.668768 
0.45 0.669803 
0.46 0.67192 
0.47 0.674339 
0.48 0.676006 
0.49 0.676262 
0.50 0.679201 
0.51 0.680144 
0.52 0.684839 
0.53 0.686229 
0.54 0.687112 
0.55 0.688321 
0.56 0.687943 
0.57 0.691584 
0.58 0.69276 
0.59 0.693959 
0.60 0.69538 
0.61 0.6965 
0.62 0.698586 
0.63 0.701012 
0.64 0.701901 
0.65 0.703084 
0.66 0.703823 
0.67 0.705175 
0.68 0.706353 
0.69 0.706083 
0.70 0.709436 
0.71 0.712165 
0.72 0.712044 
0.73 0.71389 
0.74 0.71372 
0.75 0.716167 
0.76 0.717713 
0.77 0.717327 
0.78 0.720315 
0.79 0.722332 
0.80 0.722092 
0.81 0.724988 
0.82 0.726158 
0.83 0.7258 
0.84 0.727421 
0.85 0.729062 
0.86 0.731742 
0.87 0.732924 
0.88 0.73427 
0.89 0.736155 
0.90 0.738996 
0.91 0.738739 
0.92 0.742247 
0.93 0.7422 
0.94 0.745902 
0.95 0.747595 
0.96 0.749793 
0.97 0.752352 
0.98 0.756737 
0.99 0.760572 
