0.01 0.657768 
0.02 0.655887 
0.03 0.654686 
0.04 0.653617 
0.05 0.652957 
0.06 0.652231 
0.07 0.651826 
0.08 0.651466 
0.09 0.651061 
0.10 0.650749 
0.11 0.650532 
0.12 0.650295 
0.13 0.650189 
0.14 0.649903 
0.15 0.649828 
0.16 0.649666 
0.17 0.649518 
0.18 0.64937 
0.19 0.649287 
0.20 0.649108 
0.21 0.649126 
0.22 0.648988 
0.23 0.648905 
0.24 0.648778 
0.25 0.648747 
0.26 0.648654 
0.27 0.648599 
0.28 0.648592 
0.29 0.648454 
0.30 0.648461 
0.31 0.648364 
0.32 0.648288 
0.33 0.648195 
0.34 0.648195 
0.35 0.648189 
0.36 0.648061 
0.37 0.648033 
0.38 0.647964 
0.39 0.647961 
0.40 0.647916 
0.41 0.647885 
0.42 0.647785 
0.43 0.64774 
0.44 0.647716 
0.45 0.647609 
0.46 0.647699 
0.47 0.64773 
0.48 0.64774 
0.49 0.647574 
0.50 0.647526 
0.51 0.647492 
0.52 0.647443 
0.53 0.647385 
0.54 0.647419 
0.55 0.647298 
0.56 0.647361 
0.57 0.647229 
0.58 0.647274 
0.59 0.647205 
0.60 0.647271 
0.61 0.647105 
0.62 0.647188 
0.63 0.647219 
0.64 0.647105 
0.65 0.647112 
0.66 0.647095 
0.67 0.647129 
0.68 0.647063 
0.69 0.647063 
0.70 0.646984 
0.71 0.646932 
0.72 0.646825 
0.73 0.646963 
0.74 0.646822 
0.75 0.646787 
0.76 0.646787 
0.77 0.646877 
0.78 0.646749 
0.79 0.646749 
0.80 0.646794 
0.81 0.64668 
0.82 0.646614 
0.83 0.646559 
0.84 0.646594 
0.85 0.646486 
0.86 0.646528 
0.87 0.646528 
0.88 0.646569 
0.89 0.646379 
0.90 0.646486 
0.91 0.646338 
0.92 0.646372 
0.93 0.646282 
0.94 0.646175 
0.95 0.646282 
0.96 0.646248 
0.97 0.646179 
0.98 0.646037 
0.99 0.645954 
