0.01 0.745095 
0.02 0.740802 
0.03 0.736931 
0.04 0.733974 
0.05 0.731383 
0.06 0.72932 
0.07 0.726989 
0.08 0.72519 
0.09 0.724159 
0.10 0.722739 
0.11 0.721169 
0.12 0.72006 
0.13 0.719356 
0.14 0.718096 
0.15 0.717278 
0.16 0.716485 
0.17 0.715614 
0.18 0.715071 
0.19 0.714254 
0.20 0.713886 
0.21 0.713463 
0.22 0.712832 
0.23 0.712283 
0.24 0.711901 
0.25 0.711366 
0.26 0.710941 
0.27 0.710457 
0.28 0.710102 
0.29 0.709833 
0.30 0.709335 
0.31 0.709049 
0.32 0.708752 
0.33 0.708315 
0.34 0.708046 
0.35 0.707658 
0.36 0.707742 
0.37 0.707211 
0.38 0.706906 
0.39 0.706798 
0.40 0.706577 
0.41 0.706223 
0.42 0.705947 
0.43 0.705933 
0.44 0.705445 
0.45 0.705259 
0.46 0.705168 
0.47 0.704887 
0.48 0.704715 
0.49 0.704329 
0.50 0.704238 
0.51 0.704115 
0.52 0.703967 
0.53 0.703721 
0.54 0.703482 
0.55 0.703235 
0.56 0.703221 
0.57 0.702764 
0.58 0.702877 
0.59 0.702848 
0.60 0.702274 
0.61 0.7022 
0.62 0.702193 
0.63 0.701932 
0.64 0.701802 
0.65 0.701488 
0.66 0.701301 
0.67 0.701156 
0.68 0.701167 
0.69 0.700807 
0.70 0.700662 
0.71 0.70044 
0.72 0.700468 
0.73 0.700192 
0.74 0.700175 
0.75 0.699994 
0.76 0.699878 
0.77 0.69951 
0.78 0.699613 
0.79 0.699326 
0.80 0.69917 
0.81 0.699139 
0.82 0.698962 
0.83 0.698639 
0.84 0.698455 
0.85 0.698345 
0.86 0.698108 
0.87 0.697874 
0.88 0.697792 
0.89 0.697498 
0.90 0.697069 
0.91 0.696891 
0.92 0.696646 
0.93 0.696674 
0.94 0.69623 
0.95 0.695878 
0.96 0.695455 
0.97 0.694847 
0.98 0.694512 
0.99 0.69357 
