0.01 0.346005 
0.02 0.445448 
0.03 0.498304 
0.04 0.538787 
0.05 0.565514 
0.06 0.582056 
0.07 0.596285 
0.08 0.611882 
0.09 0.623658 
0.10 0.63303 
0.11 0.637936 
0.12 0.645923 
0.13 0.653706 
0.14 0.659824 
0.15 0.659929 
0.16 0.66703 
0.17 0.669311 
0.18 0.671585 
0.19 0.679074 
0.20 0.682737 
0.21 0.686279 
0.22 0.689201 
0.23 0.687187 
0.24 0.690406 
0.25 0.69261 
0.26 0.696699 
0.27 0.696102 
0.28 0.702838 
0.29 0.700765 
0.30 0.701851 
0.31 0.703921 
0.32 0.705887 
0.33 0.708532 
0.34 0.713016 
0.35 0.710192 
0.36 0.710387 
0.37 0.714763 
0.38 0.713016 
0.39 0.716118 
0.40 0.714472 
0.41 0.716409 
0.42 0.718629 
0.43 0.717761 
0.44 0.717085 
0.45 0.722859 
0.46 0.7219 
0.47 0.72353 
0.48 0.725251 
0.49 0.728682 
0.50 0.727731 
0.51 0.728111 
0.52 0.728872 
0.53 0.728302 
0.54 0.729727 
0.55 0.731434 
0.56 0.729252 
0.57 0.733704 
0.58 0.733232 
0.59 0.733893 
0.60 0.733704 
0.61 0.73257 
0.62 0.735307 
0.63 0.733798 
0.64 0.738035 
0.65 0.737753 
0.66 0.737189 
0.67 0.738692 
0.68 0.740378 
0.69 0.73991 
0.70 0.741687 
0.71 0.74122 
0.72 0.744856 
0.73 0.743646 
0.74 0.744577 
0.75 0.744391 
0.76 0.745693 
0.77 0.747919 
0.78 0.747827 
0.79 0.744949 
0.80 0.747919 
0.81 0.746343 
0.82 0.748197 
0.83 0.751339 
0.84 0.750416 
0.85 0.751984 
0.86 0.752352 
0.87 0.753181 
0.88 0.755844 
0.89 0.756485 
0.90 0.754651 
0.91 0.756027 
0.92 0.756393 
0.93 0.760048 
0.94 0.758497 
0.95 0.760322 
0.96 0.761415 
0.97 0.764321 
0.98 0.763686 
0.99 0.76956 
