0.01 0.519541 
0.02 0.606652 
0.03 0.636087 
0.04 0.662967 
0.05 0.680297 
0.06 0.685168 
0.07 0.69241 
0.08 0.695605 
0.09 0.700765 
0.10 0.708239 
0.11 0.71486 
0.12 0.714084 
0.13 0.715635 
0.14 0.715635 
0.15 0.722188 
0.16 0.725251 
0.17 0.72142 
0.18 0.729442 
0.19 0.716409 
0.20 0.726397 
0.21 0.727159 
0.22 0.731718 
0.23 0.728302 
0.24 0.738129 
0.25 0.734365 
0.26 0.738129 
0.27 0.734365 
0.28 0.738129 
0.29 0.732475 
0.30 0.738879 
0.31 0.740378 
0.32 0.739254 
0.33 0.7415 
0.34 0.738129 
0.35 0.744856 
0.36 0.744484 
0.37 0.740378 
0.38 0.740752 
0.39 0.745971 
0.40 0.749307 
0.41 0.747456 
0.42 0.746714 
0.43 0.747085 
0.44 0.744112 
0.45 0.74262 
0.46 0.750785 
0.47 0.751523 
0.48 0.750416 
0.49 0.749307 
0.50 0.751892 
0.51 0.754467 
0.52 0.750047 
0.53 0.749677 
0.54 0.751892 
0.55 0.753733 
0.56 0.755935 
0.57 0.750047 
0.58 0.755935 
0.59 0.751523 
0.60 0.756668 
0.61 0.757766 
0.62 0.759593 
0.63 0.754467 
0.64 0.754835 
0.65 0.75226 
0.66 0.754835 
0.67 0.756302 
0.68 0.755569 
0.69 0.754835 
0.70 0.759957 
0.71 0.758862 
0.72 0.760686 
0.73 0.760686 
0.74 0.763595 
0.75 0.7574 
0.76 0.758862 
0.77 0.759957 
0.78 0.761415 
0.79 0.761415 
0.80 0.758132 
0.81 0.763958 
0.82 0.759957 
0.83 0.762142 
0.84 0.7574 
0.85 0.760322 
0.86 0.764321 
0.87 0.764321 
0.88 0.764683 
0.89 0.766493 
0.90 0.763958 
0.91 0.763958 
0.92 0.77046 
0.93 0.765408 
0.94 0.764683 
0.95 0.765408 
0.96 0.768659 
0.97 0.768659 
0.98 0.768659 
0.99 0.7701 
