0.01 0.250815 
0.02 0.327964 
0.03 0.384194 
0.04 0.421965 
0.05 0.452354 
0.06 0.475101 
0.07 0.499484 
0.08 0.51747 
0.09 0.527481 
0.10 0.540937 
0.11 0.555408 
0.12 0.565391 
0.13 0.571637 
0.14 0.582621 
0.15 0.589625 
0.16 0.596343 
0.17 0.603618 
0.18 0.608106 
0.19 0.614791 
0.20 0.61777 
0.21 0.621181 
0.22 0.626236 
0.23 0.63059 
0.24 0.633605 
0.25 0.637801 
0.26 0.641105 
0.27 0.644849 
0.28 0.647583 
0.29 0.64964 
0.30 0.653441 
0.31 0.655611 
0.32 0.657853 
0.33 0.661136 
0.34 0.66315 
0.35 0.666043 
0.36 0.665418 
0.37 0.669363 
0.38 0.671611 
0.39 0.67241 
0.40 0.67403 
0.41 0.676621 
0.42 0.67864 
0.43 0.678742 
0.44 0.68228 
0.45 0.683624 
0.46 0.684283 
0.47 0.686305 
0.48 0.68754 
0.49 0.690306 
0.50 0.690958 
0.51 0.691835 
0.52 0.692885 
0.53 0.694633 
0.54 0.696326 
0.55 0.698065 
0.56 0.698165 
0.57 0.701382 
0.58 0.700592 
0.59 0.700789 
0.60 0.704807 
0.61 0.705322 
0.62 0.705371 
0.63 0.707186 
0.64 0.708092 
0.65 0.710266 
0.66 0.711557 
0.67 0.712554 
0.68 0.712481 
0.69 0.714957 
0.70 0.715949 
0.71 0.717472 
0.72 0.717278 
0.73 0.71916 
0.74 0.71928 
0.75 0.720507 
0.76 0.7213 
0.77 0.723793 
0.78 0.723099 
0.79 0.725036 
0.80 0.726087 
0.81 0.726301 
0.82 0.727493 
0.83 0.729656 
0.84 0.730889 
0.85 0.731624 
0.86 0.733208 
0.87 0.734765 
0.88 0.735307 
0.89 0.73726 
0.90 0.740097 
0.91 0.741266 
0.92 0.742877 
0.93 0.74269 
0.94 0.7456 
0.95 0.747896 
0.96 0.750647 
0.97 0.754582 
0.98 0.756737 
0.99 0.762755 
