0.01 0.753898 
0.02 0.744818 
0.03 0.738135 
0.04 0.732727 
0.05 0.727973 
0.06 0.724732 
0.07 0.721364 
0.08 0.717985 
0.09 0.71442 
0.10 0.711957 
0.11 0.710307 
0.12 0.706547 
0.13 0.705188 
0.14 0.702661 
0.15 0.700347 
0.16 0.69953 
0.17 0.69604 
0.18 0.69465 
0.19 0.693518 
0.20 0.691781 
0.21 0.690077 
0.22 0.688627 
0.23 0.687469 
0.24 0.685394 
0.25 0.684041 
0.26 0.682886 
0.27 0.681496 
0.28 0.68019 
0.29 0.678332 
0.30 0.67757 
0.31 0.675558 
0.32 0.674847 
0.33 0.673161 
0.34 0.672722 
0.35 0.671322 
0.36 0.669671 
0.37 0.668883 
0.38 0.667237 
0.39 0.66675 
0.40 0.664911 
0.41 0.664389 
0.42 0.663099 
0.43 0.661924 
0.44 0.660512 
0.45 0.66002 
0.46 0.658408 
0.47 0.65732 
0.48 0.655882 
0.49 0.655082 
0.50 0.65404 
0.51 0.65269 
0.52 0.652401 
0.53 0.650408 
0.54 0.650583 
0.55 0.649221 
0.56 0.648351 
0.57 0.646909 
0.58 0.645545 
0.59 0.645019 
0.60 0.644063 
0.61 0.643065 
0.62 0.641744 
0.63 0.640305 
0.64 0.639757 
0.65 0.638372 
0.66 0.63718 
0.67 0.635829 
0.68 0.63479 
0.69 0.634098 
0.70 0.633055 
0.71 0.631684 
0.72 0.630831 
0.73 0.629308 
0.74 0.628293 
0.75 0.626458 
0.76 0.625827 
0.77 0.623867 
0.78 0.622878 
0.79 0.621799 
0.80 0.620017 
0.81 0.618956 
0.82 0.617787 
0.83 0.615393 
0.84 0.614073 
0.85 0.612189 
0.86 0.610723 
0.87 0.608695 
0.88 0.606905 
0.89 0.605243 
0.90 0.602413 
0.91 0.600813 
0.92 0.598468 
0.93 0.595533 
0.94 0.592439 
0.95 0.589116 
0.96 0.586008 
0.97 0.580784 
0.98 0.575858 
0.99 0.568091 
