0.01 0.672126 
0.02 0.671551 
0.03 0.671337 
0.04 0.671132 
0.05 0.670995 
0.06 0.670956 
0.07 0.670898 
0.08 0.670872 
0.09 0.670829 
0.10 0.670768 
0.11 0.670712 
0.12 0.670719 
0.13 0.670706 
0.14 0.670706 
0.15 0.67065 
0.16 0.670624 
0.17 0.670657 
0.18 0.670589 
0.19 0.670699 
0.20 0.670615 
0.21 0.670608 
0.22 0.670569 
0.23 0.670598 
0.24 0.670514 
0.25 0.670546 
0.26 0.670514 
0.27 0.670546 
0.28 0.670514 
0.29 0.670563 
0.30 0.670507 
0.31 0.670494 
0.32 0.670504 
0.33 0.670485 
0.34 0.670514 
0.35 0.670455 
0.36 0.670458 
0.37 0.670494 
0.38 0.670491 
0.39 0.670446 
0.40 0.670416 
0.41 0.670432 
0.42 0.670439 
0.43 0.670436 
0.44 0.670462 
0.45 0.670475 
0.46 0.670403 
0.47 0.670397 
0.48 0.670406 
0.49 0.670416 
0.50 0.670393 
0.51 0.670371 
0.52 0.67041 
0.53 0.670413 
0.54 0.670393 
0.55 0.670377 
0.56 0.670358 
0.57 0.67041 
0.58 0.670358 
0.59 0.670397 
0.60 0.670351 
0.61 0.670341 
0.62 0.670325 
0.63 0.670371 
0.64 0.670367 
0.65 0.67039 
0.66 0.670367 
0.67 0.670354 
0.68 0.670361 
0.69 0.670367 
0.70 0.670322 
0.71 0.670332 
0.72 0.670315 
0.73 0.670315 
0.74 0.670289 
0.75 0.670345 
0.76 0.670332 
0.77 0.670322 
0.78 0.670309 
0.79 0.670309 
0.80 0.670338 
0.81 0.670286 
0.82 0.670322 
0.83 0.670302 
0.84 0.670345 
0.85 0.670319 
0.86 0.670283 
0.87 0.670283 
0.88 0.67028 
0.89 0.670263 
0.90 0.670286 
0.91 0.670286 
0.92 0.670227 
0.93 0.670273 
0.94 0.67028 
0.95 0.670273 
0.96 0.670244 
0.97 0.670244 
0.98 0.670244 
0.99 0.670231 
