0.01 0.305998 
0.02 0.362387 
0.03 0.401327 
0.04 0.42546 
0.05 0.450032 
0.06 0.470135 
0.07 0.486769 
0.08 0.499259 
0.09 0.510342 
0.10 0.5225 
0.11 0.530869 
0.12 0.540617 
0.13 0.548962 
0.14 0.554394 
0.15 0.562535 
0.16 0.566707 
0.17 0.572258 
0.18 0.577545 
0.19 0.585453 
0.20 0.5903 
0.21 0.594976 
0.22 0.598155 
0.23 0.601548 
0.24 0.605151 
0.25 0.608476 
0.26 0.611684 
0.27 0.614383 
0.28 0.617027 
0.29 0.620707 
0.30 0.622783 
0.31 0.627631 
0.32 0.629958 
0.33 0.631194 
0.34 0.634219 
0.35 0.635747 
0.36 0.638588 
0.37 0.641686 
0.38 0.643518 
0.39 0.6445 
0.40 0.647503 
0.41 0.649146 
0.42 0.651782 
0.43 0.654606 
0.44 0.656443 
0.45 0.656733 
0.46 0.659115 
0.47 0.661083 
0.48 0.662653 
0.49 0.66422 
0.50 0.664389 
0.51 0.667108 
0.52 0.668405 
0.53 0.670475 
0.54 0.671353 
0.55 0.6734 
0.56 0.674827 
0.57 0.675929 
0.58 0.678295 
0.59 0.679163 
0.60 0.681645 
0.61 0.682077 
0.62 0.684029 
0.63 0.685509 
0.64 0.685446 
0.65 0.687175 
0.66 0.688446 
0.67 0.689904 
0.68 0.69211 
0.69 0.693322 
0.70 0.695356 
0.71 0.696401 
0.72 0.697532 
0.73 0.698784 
0.74 0.69959 
0.75 0.70048 
0.76 0.702061 
0.77 0.704241 
0.78 0.705359 
0.79 0.706451 
0.80 0.707749 
0.81 0.710436 
0.82 0.712591 
0.83 0.712663 
0.84 0.713926 
0.85 0.716856 
0.86 0.717689 
0.87 0.720315 
0.88 0.721 
0.89 0.723565 
0.90 0.725132 
0.91 0.727374 
0.92 0.728967 
0.93 0.731008 
0.94 0.733598 
0.95 0.737401 
0.96 0.740846 
0.97 0.744542 
0.98 0.749099 
0.99 0.755099 
