0 0.0107686
0.00176777 0.0261523
0.00353553 0.0476896
0.0053033 0.0476896
0.00707107 0.0492279
0.00883883 0.0769186
0.0106066 0.090764
0.0123744 0.116916
0.0141421 0.147684
0.0159099 0.156914
0.0176777 0.172298
0.0194454 0.18922
0.0212132 0.186143
0.022981 0.223064
0.0247487 0.24614
0.0265165 0.233833
0.0282843 0.253832
0.030052 0.267677
0.0318198 0.272292
0.0335876 0.270754
0.0353553 0.298444
0.0371231 0.338442
0.0388909 0.292291
0.0406586 0.332289
0.0424264 0.356902
0.0441942 0.329212
0.0459619 0.450743
0.0477297 0.415361
0.0494975 0.450743
0.0512652 0.421514
0.053033 0.40613
0.0548008 0.51074
0.0565685 0.469204
0.0583363 0.481511
0.0601041 0.51074
0.0618718 0.546122
0.0636396 0.532277
0.0654074 0.564583
0.0671751 0.592274
0.0689429 0.566121
0.0707107 0.558429
0.0724784 0.638425
0.0742462 0.647655
0.076014 0.636886
0.0777817 0.646117
0.0795495 0.638425
0.0813173 0.641501
0.083085 0.676884
0.0848528 0.693806
0.0866206 0.679961
0.0883883 0.721497
0.0901561 0.71842
0.0919239 0.763033
0.0936916 0.776878
0.0954594 0.741496
0.0972272 0.839952
0.0989949 0.809184
0.100763 0.749188
0.10253 0.764571
0.104298 0.799954
0.106066 0.84149
0.107834 0.904563
0.109602 0.776878
0.111369 0.855335
0.113137 0.875334
0.114905 0.846105
0.116673 0.90764
0.11844 0.889179
0.120208 0.878411
0.121976 0.886103
0.123744 0.943023
0.125511 0.901486
0.127279 0.921485
0.129047 1.0184
0.130815 0.938407
0.132583 0.943023
0.13435 0.976867
0.136118 0.979943
0.137886 1.03686
0.139654 1.02917
0.141421 1.0384
0.143189 1.02917
0.144957 1.08609
0.146725 1.04302
0.148492 1.08917
0.15026 1.05994
0.152028 1.12147
0.153796 1.15532
0.155563 1.11994
0.157331 1.13532
0.159099 1.13532
0.160867 1.15532
0.162635 1.21531
0.164402 1.13378
0.16617 1.27531
0.167938 1.25224
0.169706 1.24454
0.171473 1.23377
0.173241 1.14455
0.175009 1.21839
0.176777 1.20301
0.178544 1.20762
0.180312 1.19839
0.18208 1.20762
0.183848 1.29223
0.185616 1.27993
0.187383 1.27223
0.189151 1.29377
0.190919 1.36146
0.192687 1.283
0.194454 1.37684
0.196222 1.39223
0.19799 1.34761
0.199758 1.33377
0.201525 1.32915
0.203293 1.37838
0.205061 1.34454
0.206829 1.38454
0.208596 1.40607
0.210364 1.38454
0.212132 1.44607
0.2139 1.43376
0.215668 1.41069
0.217435 1.4553
0.219203 1.49838
0.220971 1.50761
0.222739 1.36915
0.224506 1.49376
0.226274 1.49838
0.228042 1.47838
0.22981 1.49991
0.231577 1.40761
0.233345 1.50145
0.235113 1.60298
0.236881 1.46915
0.238649 1.51222
0.240416 1.54453
0.242184 1.55683
0.243952 1.50607
0.24572 1.55222
0.247487 1.51684
0.249255 1.63991
0.251023 1.55837
0.252791 1.54145
0.254558 1.57222
0.256326 1.70452
0.258094 1.62452
0.259862 1.59991
0.261629 1.59837
0.263397 1.48607
0.265165 1.63068
0.266933 1.64914
0.268701 1.52607
0.270468 1.65067
0.272236 1.6799
0.274004 1.62298
0.275772 1.65221
0.277539 1.60145
0.279307 1.67529
0.281075 1.60452
0.282843 1.69683
0.28461 1.68759
0.286378 1.73067
0.288146 1.64298
0.289914 1.74759
0.291682 1.71836
0.293449 1.73067
0.295217 1.70606
0.296985 1.72605
0.298753 1.73836
0.30052 1.76913
0.302288 1.80913
0.304056 1.67529
0.305824 1.64144
0.307591 1.7799
0.309359 1.7922
0.311127 1.7399
0.312895 1.72759
0.314663 1.73836
0.31643 1.72605
0.318198 1.73067
0.319966 1.74605
0.321734 1.78297
0.323501 1.79528
0.325269 1.81374
0.327037 1.77836
0.328805 1.84912
0.330572 1.71375
0.33234 1.84759
0.334108 1.78605
0.335876 1.8122
0.337643 1.73836
0.339411 1.85682
0.341179 1.95066
0.342947 1.88143
0.344715 1.89374
0.346482 1.80451
0.34825 1.82143
0.350018 1.82605
0.351786 1.92143
0.353553 1.87528
0.355321 1.86297
0.357089 1.88297
0.358857 1.75528
0.360624 1.83989
0.362392 1.93066
0.36416 2.03219
0.365928 1.80605
0.367696 1.89835
0.369463 1.82451
0.371231 1.90604
0.372999 1.91066
0.374767 1.9122
0.376534 1.90143
0.378302 1.99988
0.38007 1.89066
0.381838 1.83528
0.383605 1.8922
0.385373 1.86912
0.387141 1.84297
0.388909 1.93835
0.390676 1.87528
0.392444 2.0045
0.394212 1.95989
0.39598 1.94912
0.397748 1.98604
0.399515 2.01065
0.401283 1.87681
0.403051 1.91835
0.404819 1.91527
0.406586 1.88451
0.408354 1.87989
0.410122 1.87835
0.41189 1.88758
0.413657 2.08296
0.415425 1.93681
0.417193 2.0045
0.418961 1.90912
0.420729 2.02142
0.422496 1.97989
0.424264 2.03681
0.426032 1.96758
0.4278 1.99835
0.429567 1.96143
0.431335 1.89989
0.433103 1.98758
0.434871 1.92297
0.436638 1.97219
0.438406 1.83682
0.440174 1.99527
0.441942 1.91681
0.443709 1.98296
0.445477 1.9322
0.447245 1.92758
0.449013 1.83682
0.450781 2.07526
0.452548 2.03527
0.454316 2.05988
0.456084 1.98912
0.457852 2.00911
0.459619 2.03373
0.461387 1.77374
0.463155 1.93373
0.464923 1.93989
0.46669 2.0445
0.468458 1.94912
0.470226 1.92758
0.471994 2.05219
0.473762 1.97527
0.475529 2.00296
0.477297 1.90451
0.479065 2.0045
0.480833 1.98142
0.4826 1.8722
0.484368 1.99988
0.486136 1.9522
0.487904 2.00911
0.489671 1.97835
0.491439 1.93681
0.493207 1.92297
0.494975 1.98758
0.496742 1.99373
0.49851 1.9522
0.500278 2.02296
0.502046 2.08296
0.503814 2.00296
0.505581 1.97681
0.507349 1.95066
0.509117 1.97527
0.510885 1.90604
0.512652 2.10911
0.51442 1.97066
0.516188 2.0245
0.517956 2.03373
0.519723 1.91527
0.521491 1.93527
0.523259 1.90604
0.525027 1.92912
0.526795 2.03065
0.528562 1.91527
0.53033 1.95989
0.532098 1.9445
0.533866 1.96296
0.535633 1.88451
0.537401 1.89989
0.539169 1.88758
0.540937 1.97373
0.542704 1.87989
0.544472 1.90758
0.54624 1.88605
0.548008 2.01527
0.549775 1.91835
0.551543 1.90758
0.553311 1.90451
0.555079 1.89528
0.556847 1.96143
0.558614 1.96604
0.560382 2.02911
0.56215 1.93989
0.563918 1.91835
0.565685 1.86758
0.567453 1.87066
0.569221 1.9322
0.570989 1.9445
0.572756 1.95373
0.574524 1.93989
0.576292 1.89528
0.57806 1.9245
0.579828 1.93835
0.581595 1.87528
0.583363 1.82297
0.585131 1.89528
0.586899 1.8322
0.588666 1.94143
0.590434 1.81836
0.592202 1.93527
0.59397 1.84297
0.595737 1.81528
0.597505 1.88297
0.599273 1.85374
0.601041 1.79836
0.602809 1.91374
0.604576 1.84451
0.606344 1.8322
0.608112 1.86143
0.60988 1.77682
0.611647 1.8722
0.613415 1.84759
0.615183 1.85528
0.616951 1.89989
0.618718 1.79067
0.620486 1.89835
0.622254 1.77528
0.624022 1.75221
0.625789 1.7999
0.627557 1.8122
0.629325 1.87835
0.631093 1.77221
0.632861 1.79836
0.634628 1.81066
0.636396 1.81528
0.638164 1.81374
0.639932 1.72298
0.641699 1.6599
0.643467 1.71221
0.645235 1.85682
0.647003 1.82143
0.64877 1.82451
0.650538 1.79682
0.652306 1.77067
0.654074 1.7599
0.655842 1.81682
0.657609 1.75067
0.659377 1.72298
0.661145 1.83528
0.662913 1.76298
0.66468 1.73682
0.666448 1.72759
0.668216 1.6999
0.669984 1.83682
0.671751 1.78144
0.673519 1.72144
0.675287 1.59375
0.677055 1.75682
0.678823 1.63837
0.68059 1.71529
0.682358 1.66144
0.684126 1.70606
0.685894 1.71682
0.687661 1.73067
0.689429 1.7399
0.691197 1.68144
0.692965 1.64914
0.694732 1.65067
0.6965 1.65529
0.698268 1.63221
0.700036 1.66913
0.701803 1.65375
0.703571 1.57991
0.705339 1.6599
0.707107 1.55529
0.708875 1.67683
0.710642 1.64144
0.71241 1.62144
0.714178 1.53222
0.715946 1.47838
0.717713 1.53683
0.719481 1.67529
0.721249 1.55683
0.723017 1.53837
0.724784 1.65683
0.726552 1.5276
0.72832 1.54145
0.730088 1.46607
0.731856 1.46761
0.733623 1.50761
0.735391 1.53837
0.737159 1.59991
0.738927 1.61683
0.740694 1.50761
0.742462 1.52145
0.74423 1.41992
0.745998 1.57683
0.747765 1.5153
0.749533 1.50145
0.751301 1.56914
0.753069 1.5476
0.754836 1.47684
0.756604 1.45222
0.758372 1.50914
0.76014 1.33223
0.761908 1.4553
0.763675 1.40915
0.765443 1.41376
0.767211 1.35992
0.768979 1.44915
0.770746 1.48914
0.772514 1.32454
0.774282 1.37531
0.77605 1.34608
0.777817 1.45376
0.779585 1.3953
0.781353 1.32762
0.783121 1.43069
0.784889 1.42146
0.786656 1.363
0.788424 1.44607
0.790192 1.34761
0.79196 1.36761
0.793727 1.31223
0.795495 1.27531
0.797263 1.34146
0.799031 1.35992
0.800798 1.29223
0.802566 1.26762
0.804334 1.37684
0.806102 1.33685
0.807869 1.24916
0.809637 1.263
0.811405 1.31531
0.813173 1.25685
0.814941 1.18609
0.816708 1.2307
0.818476 1.23224
0.820244 1.31069
0.822012 1.19993
0.823779 1.19993
0.825547 1.13224
0.827315 1.15224
0.829083 1.11686
0.83085 1.17839
0.832618 1.22916
0.834386 1.16301
0.836154 1.20147
0.837922 1.12609
0.839689 1.19993
0.841457 1.12147
0.843225 1.15839
0.844993 1.14763
0.84676 1.03994
0.848528 1.15224
0.850296 1.04917
0.852064 1.10147
0.853831 1.15686
0.855599 1.07686
0.857367 1.08609
0.859135 1.01994
0.860902 1.05071
0.86267 1.05071
0.864438 1.04763
0.866206 0.993789
0.867974 1.05532
0.869741 1.01225
0.871509 0.97379
0.873277 1.04609
0.875045 1.03532
0.876812 1.03225
0.87858 0.967636
0.880348 0.99225
0.882116 0.943023
0.883883 0.915332
0.885651 0.930716
0.887419 0.979943
0.889187 0.952253
0.890954 0.9261
0.892722 0.903025
0.89449 0.909178
0.896258 0.847643
0.898026 0.919947
0.899793 0.910717
0.901561 0.929177
0.903329 0.85995
0.905097 0.875334
0.906864 0.855335
0.908632 0.884564
0.9104 0.816876
0.912168 0.853797
0.913935 0.779955
0.915703 0.761495
0.917471 0.855335
0.919239 0.78457
0.921007 0.750726
0.922774 0.786108
0.924542 0.789185
0.92631 0.778417
0.928078 0.72765
0.929845 0.761495
0.931613 0.756879
0.933381 0.696883
0.935149 0.738419
0.936916 0.719958
0.938684 0.713805
0.940452 0.692268
0.94222 0.690729
0.943988 0.673807
0.945755 0.669192
0.947523 0.635348
0.949291 0.672269
0.951059 0.615349
0.952826 0.639963
0.954594 0.618426
0.956362 0.615349
0.95813 0.561506
0.959897 0.601504
0.961665 0.563044
0.963433 0.629194
0.965201 0.569198
0.966968 0.521508
0.968736 0.572275
0.970504 0.570736
0.972272 0.535354
0.97404 0.546122
0.975807 0.575351
0.977575 0.486126
0.979343 0.493818
0.981111 0.484587
0.982878 0.459973
0.984646 0.513817
0.986414 0.483049
0.988182 0.487664
0.989949 0.461512
0.991717 0.424591
0.993485 0.452282
0.995253 0.433821
0.997021 0.449205
0.998788 0.409207
1.00056 0.418437
1.00232 0.403054
1.00409 0.364594
1.00586 0.421514
1.00763 0.341519
1.00939 0.410746
1.01116 0.343057
1.01293 0.355364
1.0147 0.347672
1.01647 0.33998
1.01823 0.315366
1.02 0.276907
1.02177 0.313828
1.02354 0.316905
1.0253 0.278445
1.02707 0.306136
1.02884 0.303059
1.03061 0.25537
1.03238 0.284599
1.03414 0.295368
1.03591 0.249216
1.03768 0.259985
1.03945 0.304598
1.04121 0.259985
1.04298 0.275369
1.04475 0.239986
1.04652 0.239986
1.04829 0.236909
1.05005 0.266138
1.05182 0.244601
1.05359 0.223064
1.05536 0.221526
1.05712 0.20768
1.05889 0.181528
1.06066 0.201527
1.06243 0.212295
1.0642 0.155376
1.06596 0.190758
1.06773 0.178451
1.0695 0.199988
1.07127 0.153837
1.07303 0.192297
1.0748 0.203065
1.07657 0.186143
1.07834 0.17999
1.08011 0.204604
1.08187 0.173836
1.08364 0.164606
1.08541 0.167683
1.08718 0.146145
1.08894 0.155376
1.09071 0.138454
1.09248 0.143069
1.09425 0.135377
1.09602 0.156914
1.09778 0.1323
1.09955 0.135377
1.10132 0.119993
1.10309 0.127685
1.10485 0.130762
1.10662 0.130762
1.10839 0.1323
1.11016 0.127685
1.11193 0.112301
1.11369 0.116916
1.11546 0.126147
1.11723 0.112301
1.119 0.121531
1.12076 0.104609
1.12253 0.116916
1.1243 0.115378
1.12607 0.110763
1.12784 0.101533
1.1296 0.0923024
1.13137 0.11384
1.13314 0.0969175
1.13491 0.0938407
1.13667 0.0799954
1.13844 0.0876872
1.14021 0.0846105
1.14198 0.103071
1.14375 0.0846105
1.14551 0.0846105
1.14728 0.0830721
1.14905 0.0753803
1.15082 0.0723035
1.15258 0.0615349
1.15435 0.0861489
1.15612 0.0769186
1.15789 0.0723035
1.15966 0.0584582
1.16142 0.0723035
1.16319 0.0646117
1.16496 0.0461512
1.16673 0.0584582
1.16849 0.0584582
1.17026 0.0569198
1.17203 0.0461512
1.1738 0.0676884
1.17557 0.0461512
1.17733 0.06615
1.1791 0.0399977
1.18087 0.0569198
1.18264 0.0599965
1.1844 0.0307675
1.18617 0.0415361
1.18794 0.0476896
1.18971 0.0630733
1.19147 0.0353826
1.19324 0.0492279
1.19501 0.0446128
1.19678 0.0553814
1.19855 0.0415361
1.20031 0.0476896
1.20208 0.0430744
1.20385 0.0415361
1.20562 0.0369209
1.20738 0.0292291
1.20915 0.0430744
1.21092 0.0323058
1.21269 0.0292291
1.21446 0.0261523
1.21622 0.0276907
1.21799 0.0323058
1.21976 0.0153837
1.22153 0.0230756
1.22329 0.0215372
1.22506 0.0353826
1.22683 0.0292291
1.2286 0.0199988
1.23037 0.0215372
1.23213 0.0338442
1.2339 0.00923024
1.23567 0.0307675
1.23744 0.0153837
1.2392 0.00769186
1.24097 0.0153837
1.24274 0.012307
1.24451 0.0276907
1.24628 0.0184605
1.24804 0.0184605
1.24981 0.012307
1.25158 0.0215372
1.25335 0.0184605
1.25511 0.0184605
1.25688 0.00769186
1.25865 0.0153837
1.26042 0.0153837
1.26219 0.0138454
1.26395 0.012307
1.26572 0.0138454
1.26749 0.0138454
1.26926 0.0138454
1.27102 0.0153837
1.27279 0.0107686
1.27456 0.00923024
1.27633 0.012307
1.2781 0.0138454
1.27986 0.00923024
1.28163 0.012307
1.2834 0.012307
1.28517 0.00461512
1.28693 0.012307
1.2887 0.00307675
1.29047 0.00307675
1.29224 0.00307675
1.29401 0.00307675
1.29577 0.00769186
1.29754 0.0107686
1.29931 0.00923024
1.30108 0.00307675
1.30284 0.00769186
1.30461 0.00153837
1.30638 0.00307675
1.30815 0.00153837
1.30992 0
1.31168 0.00461512
1.31345 0.00769186
1.31522 0.00461512
1.31699 0.00153837
1.31875 0.00307675
1.32052 0.00307675
1.32229 0
1.32406 0.00307675
1.32583 0
1.32759 0.00461512
1.32936 0
1.33113 0.00615349
1.3329 0
1.33466 0
1.33643 0.00153837
1.3382 0
1.33997 0.00461512
1.34174 0
1.3435 0.00153837
1.34527 0.00307675
1.34704 0
1.34881 0
1.35057 0.00153837
1.35234 0.00153837
1.35411 0
1.35588 0
1.35765 0
1.35941 0
1.36118 0
1.36295 0.00153837
1.36472 0
1.36648 0.00153837
1.36825 0.00153837
1.37002 0.00153837
1.37179 0
1.37355 0
1.37532 0
1.37709 0
1.37886 0
1.38063 0
1.38239 0
1.38416 0
1.38593 0
1.3877 0
1.38946 0
1.39123 0
1.393 0
1.39477 0
1.39654 0
1.3983 0
1.40007 0
1.40184 0
1.40361 0
1.40537 0
1.40714 0
1.40891 0
1.41068 0
1.41245 0
