0 0
0.00176777 0
0.00353553 0
0.0053033 0
0.00707107 0
0.00883883 0
0.0106066 0
0.0123744 0
0.0141421 0
0.0159099 0
0.0176777 0
0.0194454 0
0.0212132 0
0.022981 0
0.0247487 0
0.0265165 0
0.0282843 0
0.030052 0
0.0318198 0
0.0335876 0
0.0353553 0
0.0371231 0
0.0388909 3.23366
0.0406586 0.507663
0.0424264 0.412284
0.0441942 0.490741
0.0459619 0.419976
0.0477297 0.45382
0.0494975 0.479972
0.0512652 0.50151
0.053033 0.436898
0.0548008 0.452282
0.0565685 0.50151
0.0583363 0.533815
0.0601041 0.532277
0.0618718 0.51997
0.0636396 0.553814
0.0654074 0.556891
0.0671751 0.592274
0.0689429 0.590735
0.0707107 0.566121
0.0724784 0.667654
0.0742462 0.599965
0.076014 0.659962
0.0777817 0.669192
0.0795495 0.656885
0.0813173 0.63381
0.083085 0.761495
0.0848528 0.71842
0.0866206 0.704575
0.0883883 0.710728
0.0901561 0.732265
0.0919239 0.703036
0.0936916 0.746111
0.0954594 0.739957
0.0972272 0.761495
0.0989949 0.773802
0.100763 0.772263
0.10253 0.824568
0.104298 0.846105
0.106066 0.796877
0.107834 0.839952
0.109602 0.873796
0.111369 0.890718
0.113137 0.855335
0.114905 0.869181
0.116673 0.97379
0.11844 0.947638
0.120208 0.976867
0.121976 0.984559
0.123744 0.879949
0.125511 0.930716
0.127279 0.979943
0.129047 0.946099
0.130815 0.921485
0.132583 1.03686
0.13435 0.9261
0.136118 0.995327
0.137886 1.01533
0.139654 0.930716
0.141421 0.984559
0.143189 1.01686
0.144957 1.07994
0.146725 1.01225
0.148492 1.04302
0.15026 1.14455
0.152028 1.13224
0.153796 1.12301
0.155563 1.1307
0.157331 1.10301
0.159099 1.08148
0.160867 1.17686
0.162635 1.17532
0.164402 1.16147
0.16617 1.17224
0.167938 1.15378
0.169706 1.20916
0.171473 1.25377
0.173241 1.16455
0.175009 1.26762
0.176777 1.20762
0.178544 1.24608
0.180312 1.30146
0.18208 1.23993
0.183848 1.28454
0.185616 1.32146
0.187383 1.38454
0.189151 1.20301
0.190919 1.31992
0.192687 1.38146
0.194454 1.32915
0.196222 1.28762
0.19799 1.33685
0.199758 1.37223
0.201525 1.323
0.203293 1.32146
0.205061 1.37684
0.206829 1.30762
0.208596 1.30146
0.210364 1.33685
0.212132 1.44453
0.2139 1.39838
0.215668 1.40607
0.217435 1.4753
0.219203 1.44146
0.220971 1.44607
0.222739 1.42761
0.224506 1.48914
0.226274 1.5353
0.228042 1.46299
0.22981 1.46607
0.231577 1.46761
0.233345 1.49838
0.235113 1.52914
0.236881 1.57376
0.238649 1.53068
0.240416 1.5353
0.242184 1.5153
0.243952 1.59837
0.24572 1.48145
0.247487 1.55068
0.249255 1.55683
0.251023 1.55529
0.252791 1.53991
0.254558 1.5476
0.256326 1.58914
0.258094 1.51068
0.259862 1.65067
0.261629 1.60298
0.263397 1.61375
0.265165 1.51222
0.266933 1.69683
0.268701 1.57683
0.270468 1.59222
0.272236 1.58606
0.274004 1.60914
0.275772 1.64452
0.277539 1.65375
0.279307 1.72298
0.281075 1.63375
0.282843 1.70759
0.28461 1.65067
0.286378 1.76144
0.288146 1.66298
0.289914 1.71836
0.291682 1.74298
0.293449 1.74913
0.295217 1.64914
0.296985 1.65529
0.298753 1.73528
0.30052 1.72144
0.302288 1.6799
0.304056 1.73067
0.305824 1.83682
0.307591 1.7399
0.309359 1.79528
0.311127 1.81066
0.312895 1.77374
0.314663 1.69529
0.31643 1.69221
0.318198 1.75067
0.319966 1.7999
0.321734 1.71836
0.323501 1.79836
0.325269 1.75221
0.327037 1.82759
0.328805 1.75374
0.330572 1.8199
0.33234 1.85835
0.334108 1.87835
0.335876 1.95835
0.337643 1.92143
0.339411 1.89681
0.341179 1.80143
0.342947 1.90604
0.344715 1.89681
0.346482 1.77221
0.34825 1.87374
0.350018 1.80143
0.351786 1.80297
0.353553 1.95989
0.355321 1.76144
0.357089 1.92758
0.358857 1.85528
0.360624 1.87528
0.362392 1.96912
0.36416 1.92758
0.365928 1.86758
0.367696 1.78605
0.369463 1.84143
0.371231 1.96143
0.372999 1.85374
0.374767 1.9322
0.376534 1.83528
0.378302 1.87066
0.38007 1.86758
0.381838 1.9322
0.383605 1.9445
0.385373 1.83528
0.387141 1.94758
0.388909 1.77836
0.390676 1.87528
0.392444 1.9245
0.394212 1.8522
0.39598 1.8199
0.397748 1.95373
0.399515 1.88451
0.401283 1.97219
0.403051 1.98758
0.404819 1.96604
0.406586 1.90451
0.408354 1.92604
0.410122 1.90451
0.41189 1.94143
0.413657 1.9522
0.415425 1.92143
0.417193 2.01527
0.418961 1.93527
0.420729 1.94143
0.422496 1.90451
0.424264 2.01835
0.426032 2.05527
0.4278 1.9122
0.429567 1.91066
0.431335 1.94296
0.433103 1.9645
0.434871 1.99681
0.436638 2.03988
0.438406 1.9522
0.440174 1.97373
0.441942 1.87374
0.443709 2.05834
0.445477 2.05373
0.447245 1.99219
0.449013 1.9645
0.450781 1.90758
0.452548 1.95835
0.454316 1.96604
0.456084 2.04911
0.457852 1.9845
0.459619 1.88605
0.461387 1.9322
0.463155 2.0245
0.464923 1.97835
0.46669 2.01835
0.468458 1.81682
0.470226 1.97835
0.471994 1.93681
0.473762 2.04604
0.475529 1.8722
0.477297 1.9445
0.479065 1.94758
0.480833 2.05834
0.4826 1.99065
0.484368 2.04296
0.486136 2.02911
0.487904 1.99065
0.489671 1.95527
0.491439 1.94296
0.493207 1.97835
0.494975 1.95527
0.496742 2.04142
0.49851 1.98296
0.500278 1.9245
0.502046 1.99835
0.503814 1.98758
0.505581 1.98142
0.507349 1.92297
0.509117 2.01219
0.510885 1.88451
0.512652 1.94604
0.51442 2.05065
0.516188 2.02142
0.517956 2.03373
0.519723 2.01681
0.521491 1.84912
0.523259 2.00911
0.525027 1.96912
0.526795 1.89681
0.528562 1.93681
0.53033 1.92604
0.532098 1.80297
0.533866 1.94758
0.535633 1.98758
0.537401 1.89066
0.539169 1.92143
0.540937 1.99988
0.542704 1.95373
0.544472 1.97527
0.54624 1.98604
0.548008 1.90451
0.549775 2.04296
0.551543 1.83682
0.553311 1.94296
0.555079 1.98758
0.556847 1.96143
0.558614 1.79374
0.560382 1.94296
0.56215 1.88297
0.563918 1.91835
0.565685 1.87989
0.567453 1.97066
0.569221 1.89835
0.570989 1.92604
0.572756 1.95527
0.574524 1.91835
0.576292 1.95066
0.57806 1.92604
0.579828 1.93989
0.581595 1.85528
0.583363 1.9522
0.585131 1.88758
0.586899 1.81836
0.588666 1.91989
0.590434 1.90297
0.592202 1.96296
0.59397 1.8722
0.595737 1.91681
0.597505 1.86605
0.599273 1.8199
0.601041 1.9845
0.602809 1.8522
0.604576 1.97835
0.606344 1.87528
0.608112 1.85989
0.60988 1.89066
0.611647 1.82913
0.613415 1.8122
0.615183 1.91989
0.616951 1.73528
0.618718 1.86912
0.620486 1.89528
0.622254 1.78297
0.624022 1.78913
0.625789 1.72144
0.627557 1.81836
0.629325 1.77836
0.631093 1.80759
0.632861 1.80759
0.634628 1.81066
0.636396 1.85374
0.638164 1.79528
0.639932 1.82605
0.641699 1.82605
0.643467 1.76451
0.645235 1.76298
0.647003 1.6676
0.64877 1.69067
0.650538 1.73067
0.652306 1.71221
0.654074 1.77682
0.655842 1.78451
0.657609 1.82451
0.659377 1.73528
0.661145 1.74451
0.662913 1.73682
0.66468 1.71375
0.666448 1.76144
0.668216 1.76605
0.669984 1.71682
0.671751 1.67529
0.673519 1.78913
0.675287 1.73682
0.677055 1.69067
0.678823 1.73375
0.68059 1.68298
0.682358 1.64298
0.684126 1.65375
0.685894 1.63375
0.687661 1.67067
0.689429 1.66606
0.691197 1.57222
0.692965 1.75221
0.694732 1.65067
0.6965 1.65221
0.698268 1.71682
0.700036 1.62144
0.701803 1.64914
0.703571 1.63837
0.705339 1.68759
0.707107 1.57529
0.708875 1.63837
0.710642 1.64452
0.71241 1.58299
0.714178 1.54145
0.715946 1.53991
0.717713 1.49222
0.719481 1.67221
0.721249 1.48299
0.723017 1.59529
0.724784 1.50145
0.726552 1.51991
0.72832 1.56914
0.730088 1.52453
0.731856 1.58606
0.733623 1.48914
0.735391 1.54299
0.737159 1.61068
0.738927 1.51991
0.740694 1.55837
0.742462 1.46761
0.74423 1.55222
0.745998 1.58914
0.747765 1.53991
0.749533 1.49684
0.751301 1.51376
0.753069 1.4953
0.754836 1.46145
0.756604 1.48145
0.758372 1.46761
0.76014 1.43223
0.761908 1.51068
0.763675 1.42453
0.765443 1.37684
0.767211 1.41223
0.768979 1.38146
0.770746 1.31069
0.772514 1.363
0.774282 1.45069
0.77605 1.33685
0.777817 1.42146
0.779585 1.36915
0.781353 1.34146
0.783121 1.40146
0.784889 1.42761
0.786656 1.37684
0.788424 1.38146
0.790192 1.4353
0.79196 1.363
0.793727 1.31839
0.795495 1.34761
0.797263 1.37838
0.799031 1.37684
0.800798 1.29993
0.802566 1.24608
0.804334 1.31992
0.806102 1.29839
0.807869 1.31223
0.809637 1.25531
0.811405 1.25685
0.813173 1.25377
0.814941 1.26147
0.816708 1.20762
0.818476 1.25993
0.820244 1.27377
0.822012 1.23993
0.823779 1.17686
0.825547 1.21993
0.827315 1.26147
0.829083 1.16762
0.83085 1.20147
0.832618 1.15532
0.834386 1.20916
0.836154 1.16916
0.837922 1.13686
0.839689 1.13378
0.841457 1.1507
0.843225 1.06455
0.844993 1.2307
0.84676 1.19224
0.848528 1.08763
0.850296 1.05686
0.852064 1.0061
0.853831 1.09224
0.855599 1.05379
0.857367 1.10301
0.859135 1.10763
0.860902 1.0184
0.86267 1.10763
0.864438 1.08148
0.866206 1.06302
0.867974 1.02917
0.869741 0.972252
0.871509 0.999942
0.873277 0.963021
0.875045 1.0584
0.876812 1.04917
0.87858 0.947638
0.880348 0.95533
0.882116 1.04456
0.883883 0.918409
0.885651 0.912255
0.887419 0.881488
0.889187 0.996866
0.890954 0.915332
0.892722 0.912255
0.89449 0.864566
0.896258 0.903025
0.898026 0.924562
0.899793 0.950714
0.901561 0.875334
0.903329 0.89841
0.905097 0.855335
0.906864 0.85995
0.908632 0.906102
0.9104 0.816876
0.912168 0.836875
0.913935 0.803031
0.915703 0.826106
0.917471 0.818414
0.919239 0.809184
0.921007 0.803031
0.922774 0.770725
0.924542 0.736881
0.92631 0.758418
0.928078 0.747649
0.929845 0.773802
0.931613 0.693806
0.933381 0.743034
0.935149 0.676884
0.936916 0.733804
0.938684 0.690729
0.940452 0.692268
0.94222 0.712267
0.943988 0.663039
0.945755 0.646117
0.947523 0.593812
0.949291 0.638425
0.951059 0.670731
0.952826 0.615349
0.954594 0.636886
0.956362 0.636886
0.95813 0.672269
0.959897 0.618426
0.961665 0.619964
0.963433 0.601504
0.965201 0.56766
0.966968 0.589197
0.968736 0.579967
0.970504 0.521508
0.972272 0.5292
0.97404 0.506125
0.975807 0.509201
0.977575 0.503048
0.979343 0.503048
0.981111 0.484587
0.982878 0.484587
0.984646 0.461512
0.986414 0.473819
0.988182 0.484587
0.989949 0.432283
0.991717 0.419976
0.993485 0.426129
0.995253 0.439975
0.997021 0.370748
0.998788 0.416899
1.00056 0.40613
1.00232 0.350749
1.00409 0.366133
1.00586 0.363056
1.00763 0.364594
1.00939 0.375363
1.01116 0.350749
1.01293 0.336904
1.0147 0.326135
1.01647 0.336904
1.01823 0.338442
1.02 0.33998
1.02177 0.276907
1.02354 0.316905
1.0253 0.272292
1.02707 0.298444
1.02884 0.279984
1.03061 0.287676
1.03238 0.335365
1.03414 0.256908
1.03591 0.25537
1.03768 0.313828
1.03945 0.266138
1.04121 0.249216
1.04298 0.233833
1.04475 0.213834
1.04652 0.2646
1.04829 0.206142
1.05005 0.219987
1.05182 0.238448
1.05359 0.199988
1.05536 0.233833
1.05712 0.190758
1.05889 0.190758
1.06066 0.206142
1.06243 0.20768
1.0642 0.224602
1.06596 0.215372
1.06773 0.170759
1.0695 0.19845
1.07127 0.184605
1.07303 0.187681
1.0748 0.210757
1.07657 0.18922
1.07834 0.152299
1.08011 0.195373
1.08187 0.150761
1.08364 0.175374
1.08541 0.14153
1.08718 0.156914
1.08894 0.158452
1.09071 0.152299
1.09248 0.143069
1.09425 0.153837
1.09602 0.155376
1.09778 0.164606
1.09955 0.133838
1.10132 0.153837
1.10309 0.178451
1.10485 0.127685
1.10662 0.104609
1.10839 0.118455
1.11016 0.118455
1.11193 0.139992
1.11369 0.109224
1.11546 0.133838
1.11723 0.107686
1.119 0.118455
1.12076 0.12307
1.12253 0.101533
1.1243 0.107686
1.12607 0.101533
1.12784 0.11384
1.1296 0.107686
1.13137 0.090764
1.13314 0.0953791
1.13491 0.104609
1.13667 0.101533
1.13844 0.0738419
1.14021 0.103071
1.14198 0.0769186
1.14375 0.0830721
1.14551 0.0723035
1.14728 0.0861489
1.14905 0.101533
1.15082 0.0892256
1.15258 0.0769186
1.15435 0.0707651
1.15612 0.0599965
1.15789 0.0646117
1.15966 0.0753803
1.16142 0.0646117
1.16319 0.0753803
1.16496 0.0707651
1.16673 0.0692268
1.16849 0.0630733
1.17026 0.0553814
1.17203 0.0569198
1.1738 0.0615349
1.17557 0.0599965
1.17733 0.0630733
1.1791 0.0553814
1.18087 0.0507663
1.18264 0.0646117
1.1844 0.053843
1.18617 0.0569198
1.18794 0.0369209
1.18971 0.0523047
1.19147 0.0384593
1.19324 0.0492279
1.19501 0.0646117
1.19678 0.0430744
1.19855 0.0369209
1.20031 0.0292291
1.20208 0.0307675
1.20385 0.0399977
1.20562 0.0569198
1.20738 0.0384593
1.20915 0.0399977
1.21092 0.0338442
1.21269 0.0384593
1.21446 0.0261523
1.21622 0.0307675
1.21799 0.0338442
1.21976 0.0446128
1.22153 0.0323058
1.22329 0.0153837
1.22506 0.0353826
1.22683 0.0261523
1.2286 0.0323058
1.23037 0.0276907
1.23213 0.0261523
1.2339 0.0199988
1.23567 0.0138454
1.23744 0.024614
1.2392 0.0215372
1.24097 0.0184605
1.24274 0.0323058
1.24451 0.0261523
1.24628 0.00769186
1.24804 0.0138454
1.24981 0.012307
1.25158 0.0199988
1.25335 0.012307
1.25511 0.0169221
1.25688 0.024614
1.25865 0.00923024
1.26042 0.0169221
1.26219 0.00923024
1.26395 0.0153837
1.26572 0.00923024
1.26749 0.0153837
1.26926 0.00615349
1.27102 0.00615349
1.27279 0.0199988
1.27456 0.0230756
1.27633 0.0138454
1.2781 0.00615349
1.27986 0.00615349
1.28163 0.00769186
1.2834 0.0107686
1.28517 0.00615349
1.28693 0.00615349
1.2887 0.0107686
1.29047 0.00615349
1.29224 0.00461512
1.29401 0.00769186
1.29577 0.00769186
1.29754 0.00769186
1.29931 0.00153837
1.30108 0.00769186
1.30284 0.00615349
1.30461 0.00307675
1.30638 0.00461512
1.30815 0.00769186
1.30992 0.00153837
1.31168 0.00615349
1.31345 0.00153837
1.31522 0.00307675
1.31699 0
1.31875 0
1.32052 0.00153837
1.32229 0.00769186
1.32406 0.00153837
1.32583 0.00461512
1.32759 0.00153837
1.32936 0.00153837
1.33113 0
1.3329 0.00153837
1.33466 0.00307675
1.33643 0.00153837
1.3382 0.00461512
1.33997 0.00307675
1.34174 0.00153837
1.3435 0.00153837
1.34527 0.00307675
1.34704 0.00153837
1.34881 0
1.35057 0.00153837
1.35234 0.00153837
1.35411 0
1.35588 0
1.35765 0
1.35941 0
1.36118 0.00153837
1.36295 0.00153837
1.36472 0
1.36648 0
1.36825 0
1.37002 0
1.37179 0
1.37355 0.00153837
1.37532 0
1.37709 0
1.37886 0
1.38063 0
1.38239 0.00153837
1.38416 0
1.38593 0
1.3877 0
1.38946 0
1.39123 0
1.393 0
1.39477 0
1.39654 0
1.3983 0
1.40007 0
1.40184 0
1.40361 0
1.40537 0
1.40714 0
1.40891 0
1.41068 0
1.41245 0
