0 0.00923024
0.00176777 0.0230756
0.00353553 0.0461512
0.0053033 0.053843
0.00707107 0.0723035
0.00883883 0.0892256
0.0106066 0.0815338
0.0123744 0.103071
0.0141421 0.156914
0.0159099 0.147684
0.0176777 0.167683
0.0194454 0.167683
0.0212132 0.209219
0.022981 0.187681
0.0247487 0.216911
0.0265165 0.229218
0.0282843 0.19845
0.030052 0.287676
0.0318198 0.24614
0.0335876 0.306136
0.0353553 0.341519
0.0371231 0.3969
0.0388909 0.478434
0.0406586 0.776878
0.0424264 0.72765
0.0441942 0.744572
0.0459619 0.65227
0.0477297 0.687653
0.0494975 0.69996
0.0512652 0.641501
0.053033 0.706113
0.0548008 0.683038
0.0565685 0.644578
0.0583363 0.632271
0.0601041 0.615349
0.0618718 0.650732
0.0636396 0.663039
0.0654074 0.632271
0.0671751 0.659962
0.0689429 0.604581
0.0707107 0.536892
0.0724784 0.663039
0.0742462 0.663039
0.076014 0.69996
0.0777817 0.641501
0.0795495 0.710728
0.0813173 0.656885
0.083085 0.669192
0.0848528 0.704575
0.0866206 0.719958
0.0883883 0.693806
0.0901561 0.69996
0.0919239 0.729189
0.0936916 0.716882
0.0954594 0.744572
0.0972272 0.761495
0.0989949 0.796877
0.100763 0.772263
0.10253 0.770725
0.104298 0.807646
0.106066 0.810722
0.107834 0.810722
0.109602 0.812261
0.111369 0.824568
0.113137 0.85995
0.114905 0.933792
0.116673 0.855335
0.11844 0.884564
0.120208 0.863027
0.121976 0.97379
0.123744 0.935331
0.125511 0.956868
0.127279 0.95533
0.129047 0.952253
0.130815 0.979943
0.132583 1.09532
0.13435 0.976867
0.136118 1.05379
0.137886 1.02302
0.139654 1.07994
0.141421 1.02148
0.143189 1.08763
0.144957 1.06917
0.146725 1.05532
0.148492 1.07994
0.15026 1.05379
0.152028 1.12763
0.153796 1.08455
0.155563 1.1307
0.157331 1.14763
0.159099 1.13686
0.160867 1.12301
0.162635 1.14916
0.164402 1.12609
0.16617 1.12455
0.167938 1.20916
0.169706 1.25224
0.171473 1.24916
0.173241 1.26762
0.175009 1.263
0.176777 1.27223
0.178544 1.2507
0.180312 1.22147
0.18208 1.25531
0.183848 1.23224
0.185616 1.28762
0.187383 1.25224
0.189151 1.31685
0.190919 1.27993
0.192687 1.32454
0.194454 1.27223
0.196222 1.283
0.19799 1.37377
0.199758 1.28762
0.201525 1.42915
0.203293 1.32454
0.205061 1.34915
0.206829 1.40453
0.208596 1.30146
0.210364 1.32608
0.212132 1.35223
0.2139 1.42146
0.215668 1.35069
0.217435 1.48607
0.219203 1.38915
0.220971 1.45069
0.222739 1.39223
0.224506 1.42146
0.226274 1.55837
0.228042 1.52299
0.22981 1.40761
0.231577 1.47376
0.233345 1.48914
0.235113 1.51222
0.236881 1.46299
0.238649 1.5476
0.240416 1.55529
0.242184 1.44761
0.243952 1.60298
0.24572 1.51991
0.247487 1.51837
0.249255 1.55068
0.251023 1.52453
0.252791 1.54453
0.254558 1.5676
0.256326 1.47684
0.258094 1.60145
0.259862 1.60145
0.261629 1.57529
0.263397 1.68759
0.265165 1.52607
0.266933 1.62606
0.268701 1.54606
0.270468 1.58299
0.272236 1.58914
0.274004 1.62144
0.275772 1.66144
0.277539 1.66298
0.279307 1.55837
0.281075 1.7922
0.282843 1.71682
0.28461 1.73682
0.286378 1.74913
0.288146 1.72298
0.289914 1.7999
0.291682 1.78144
0.293449 1.61683
0.295217 1.60914
0.296985 1.61529
0.298753 1.65375
0.30052 1.75067
0.302288 1.72605
0.304056 1.74759
0.305824 1.75682
0.307591 1.75067
0.309359 1.80605
0.311127 1.8199
0.312895 1.76913
0.314663 1.87066
0.31643 1.76913
0.318198 1.75528
0.319966 1.75221
0.321734 1.84143
0.323501 1.78913
0.325269 1.73375
0.327037 1.81066
0.328805 1.78759
0.330572 1.85066
0.33234 1.73836
0.334108 1.88912
0.335876 1.86143
0.337643 1.83374
0.339411 1.85374
0.341179 1.93373
0.342947 1.79836
0.344715 1.83836
0.346482 1.79836
0.34825 1.74451
0.350018 1.71529
0.351786 1.91066
0.353553 1.88605
0.355321 1.83374
0.357089 1.87374
0.358857 1.87066
0.360624 1.85989
0.362392 1.86605
0.36416 1.83528
0.365928 1.76298
0.367696 1.85528
0.369463 1.80605
0.371231 1.93835
0.372999 1.87066
0.374767 1.86912
0.376534 1.82143
0.378302 1.88605
0.38007 1.93989
0.381838 1.91527
0.383605 1.83374
0.385373 1.9445
0.387141 1.86451
0.388909 1.7922
0.390676 1.96758
0.392444 1.86451
0.394212 1.90451
0.39598 1.84605
0.397748 1.84912
0.399515 1.89066
0.401283 1.93527
0.403051 1.93835
0.404819 1.83989
0.406586 1.89066
0.408354 1.83836
0.410122 1.90143
0.41189 2.00604
0.413657 1.92143
0.415425 1.95527
0.417193 1.92143
0.418961 1.93681
0.420729 1.84451
0.422496 1.98604
0.424264 1.97219
0.426032 1.96296
0.4278 1.93373
0.429567 1.97989
0.431335 1.92912
0.433103 2.02911
0.434871 1.93681
0.436638 1.9845
0.438406 1.83528
0.440174 2.06142
0.441942 2.04296
0.443709 1.9845
0.445477 1.96604
0.447245 1.90143
0.449013 1.99219
0.450781 1.9845
0.452548 1.97527
0.454316 2.05065
0.456084 2.01219
0.457852 1.97373
0.459619 1.99835
0.461387 1.9245
0.463155 2.05527
0.464923 1.91989
0.46669 1.92912
0.468458 1.93373
0.470226 1.9245
0.471994 1.95835
0.473762 1.99527
0.475529 1.99681
0.477297 2.01219
0.479065 1.97527
0.480833 1.99219
0.4826 1.76298
0.484368 2.00604
0.486136 1.98142
0.487904 1.90143
0.489671 2.02911
0.491439 2.0045
0.493207 1.93681
0.494975 1.92912
0.496742 1.89989
0.49851 1.90912
0.500278 1.90451
0.502046 1.9322
0.503814 1.90604
0.505581 1.94758
0.507349 2.04604
0.509117 2.01219
0.510885 1.91989
0.512652 2.01681
0.51442 1.84605
0.516188 1.98912
0.517956 1.9522
0.519723 1.95373
0.521491 1.98296
0.523259 1.9845
0.525027 2.02758
0.526795 1.93527
0.528562 2.00911
0.53033 1.93527
0.532098 1.93989
0.533866 2.02142
0.535633 1.94143
0.537401 1.97835
0.539169 2.00296
0.540937 1.93681
0.542704 2.05219
0.544472 1.94758
0.54624 1.92912
0.548008 1.98912
0.549775 2.05219
0.551543 1.89528
0.553311 1.94143
0.555079 1.89989
0.556847 1.83066
0.558614 1.97066
0.560382 1.86143
0.56215 1.82605
0.563918 1.95835
0.565685 1.75528
0.567453 1.90297
0.569221 1.85374
0.570989 1.91835
0.572756 1.85989
0.574524 1.93527
0.576292 1.86912
0.57806 1.83989
0.579828 1.80143
0.581595 1.92604
0.583363 1.90143
0.585131 1.90297
0.586899 1.7999
0.588666 1.89374
0.590434 1.78759
0.592202 1.85066
0.59397 1.8922
0.595737 1.83066
0.597505 1.81836
0.599273 1.84297
0.601041 1.80913
0.602809 1.80605
0.604576 1.88143
0.606344 2.00142
0.608112 1.83528
0.60988 1.87066
0.611647 1.81066
0.613415 1.89989
0.615183 1.88605
0.616951 1.91066
0.618718 1.79067
0.620486 1.76759
0.622254 1.75374
0.624022 1.98296
0.625789 1.81528
0.627557 1.8722
0.629325 1.82605
0.631093 1.86143
0.632861 1.69221
0.634628 1.80605
0.636396 1.84297
0.638164 1.82143
0.639932 1.74759
0.641699 1.82759
0.643467 1.81682
0.645235 1.77374
0.647003 1.67836
0.64877 1.64452
0.650538 1.64606
0.652306 1.78144
0.654074 1.77682
0.655842 1.71221
0.657609 1.74759
0.659377 1.75528
0.661145 1.66144
0.662913 1.72144
0.66468 1.71375
0.666448 1.70452
0.668216 1.82297
0.669984 1.69375
0.671751 1.57222
0.673519 1.72298
0.675287 1.68298
0.677055 1.70452
0.678823 1.61683
0.68059 1.69221
0.682358 1.68452
0.684126 1.65067
0.685894 1.6599
0.687661 1.57991
0.689429 1.69683
0.691197 1.55068
0.692965 1.61068
0.694732 1.63375
0.6965 1.56914
0.698268 1.66144
0.700036 1.61683
0.701803 1.66913
0.703571 1.59991
0.705339 1.61529
0.707107 1.63837
0.708875 1.59991
0.710642 1.59529
0.71241 1.60452
0.714178 1.72452
0.715946 1.62914
0.717713 1.53376
0.719481 1.55376
0.721249 1.60914
0.723017 1.53068
0.724784 1.64452
0.726552 1.55991
0.72832 1.57222
0.730088 1.57222
0.731856 1.54606
0.733623 1.49991
0.735391 1.58299
0.737159 1.63068
0.738927 1.47991
0.740694 1.46607
0.742462 1.59375
0.74423 1.59683
0.745998 1.51376
0.747765 1.45992
0.749533 1.4753
0.751301 1.53683
0.753069 1.50914
0.754836 1.47991
0.756604 1.45992
0.758372 1.363
0.76014 1.4353
0.761908 1.51222
0.763675 1.38915
0.765443 1.39223
0.767211 1.40761
0.768979 1.42299
0.770746 1.40915
0.772514 1.31839
0.774282 1.323
0.77605 1.41223
0.777817 1.383
0.779585 1.37223
0.781353 1.43838
0.783121 1.31223
0.784889 1.34146
0.786656 1.32454
0.788424 1.39838
0.790192 1.29839
0.79196 1.343
0.793727 1.34146
0.795495 1.33685
0.797263 1.31531
0.799031 1.343
0.800798 1.34146
0.802566 1.28146
0.804334 1.30916
0.806102 1.29223
0.807869 1.26454
0.809637 1.29685
0.811405 1.323
0.813173 1.29839
0.814941 1.28454
0.816708 1.24454
0.818476 1.25685
0.820244 1.19685
0.822012 1.16609
0.823779 1.18916
0.825547 1.21378
0.827315 1.21993
0.829083 1.18147
0.83085 1.14147
0.832618 1.26762
0.834386 1.17839
0.836154 1.22147
0.837922 1.1384
0.839689 1.11378
0.841457 1.21378
0.843225 1.15993
0.844993 1.12763
0.84676 1.11224
0.848528 1.10455
0.850296 1.16301
0.852064 1.09224
0.853831 1.10763
0.855599 1.06917
0.857367 1.1307
0.859135 1.03994
0.860902 1.06763
0.86267 1.01533
0.864438 1.05994
0.866206 1.04456
0.867974 0.99225
0.869741 0.95533
0.871509 0.98302
0.873277 1.00917
0.875045 1.04917
0.876812 1.07378
0.87858 0.995327
0.880348 0.953791
0.882116 0.95533
0.883883 0.958406
0.885651 0.9261
0.887419 0.856874
0.889187 0.915332
0.890954 0.936869
0.892722 0.943023
0.89449 0.892256
0.896258 0.884564
0.898026 0.884564
0.899793 0.975328
0.901561 0.890718
0.903329 0.915332
0.905097 0.852259
0.906864 0.864566
0.908632 0.789185
0.9104 0.833798
0.912168 0.858412
0.913935 0.778417
0.915703 0.835336
0.917471 0.786108
0.919239 0.858412
0.921007 0.823029
0.922774 0.799954
0.924542 0.786108
0.92631 0.796877
0.928078 0.712267
0.929845 0.778417
0.931613 0.750726
0.933381 0.623041
0.935149 0.730727
0.936916 0.70919
0.938684 0.701498
0.940452 0.69996
0.94222 0.619964
0.943988 0.598427
0.945755 0.678422
0.947523 0.638425
0.949291 0.64304
0.951059 0.623041
0.952826 0.676884
0.954594 0.641501
0.956362 0.629194
0.95813 0.656885
0.959897 0.612272
0.961665 0.603042
0.963433 0.609196
0.965201 0.533815
0.966968 0.599965
0.968736 0.546122
0.970504 0.547661
0.972272 0.51997
0.97404 0.515355
0.975807 0.504586
0.977575 0.459973
0.979343 0.433821
0.981111 0.51997
0.982878 0.490741
0.984646 0.458435
0.986414 0.427668
0.988182 0.476896
0.989949 0.449205
0.991717 0.443051
0.993485 0.435359
0.995253 0.427668
0.997021 0.407669
0.998788 0.379978
1.00056 0.38767
1.00232 0.427668
1.00409 0.356902
1.00586 0.335365
1.00763 0.367671
1.00939 0.33075
1.01116 0.375363
1.01293 0.32152
1.0147 0.299983
1.01647 0.327673
1.01823 0.309213
1.02 0.327673
1.02177 0.324597
1.02354 0.304598
1.0253 0.303059
1.02707 0.258447
1.02884 0.266138
1.03061 0.289214
1.03238 0.272292
1.03414 0.261523
1.03591 0.270754
1.03768 0.233833
1.03945 0.263062
1.04121 0.269215
1.04298 0.241525
1.04475 0.216911
1.04652 0.236909
1.04829 0.230756
1.05005 0.259985
1.05182 0.247678
1.05359 0.243063
1.05536 0.226141
1.05712 0.216911
1.05889 0.213834
1.06066 0.173836
1.06243 0.209219
1.0642 0.187681
1.06596 0.232294
1.06773 0.206142
1.0695 0.183066
1.07127 0.184605
1.07303 0.186143
1.0748 0.178451
1.07657 0.210757
1.07834 0.176913
1.08011 0.158452
1.08187 0.167683
1.08364 0.17999
1.08541 0.178451
1.08718 0.178451
1.08894 0.138454
1.09071 0.133838
1.09248 0.146145
1.09425 0.156914
1.09602 0.133838
1.09778 0.144607
1.09955 0.133838
1.10132 0.1323
1.10309 0.147684
1.10485 0.130762
1.10662 0.150761
1.10839 0.136915
1.11016 0.11384
1.11193 0.119993
1.11369 0.109224
1.11546 0.14153
1.11723 0.118455
1.119 0.109224
1.12076 0.0846105
1.12253 0.0969175
1.1243 0.119993
1.12607 0.0938407
1.12784 0.0999942
1.1296 0.0815338
1.13137 0.0984559
1.13314 0.118455
1.13491 0.107686
1.13667 0.0984559
1.13844 0.0830721
1.14021 0.0892256
1.14198 0.0984559
1.14375 0.0738419
1.14551 0.0692268
1.14728 0.078457
1.14905 0.0815338
1.15082 0.0769186
1.15258 0.0599965
1.15435 0.078457
1.15612 0.0584582
1.15789 0.06615
1.15966 0.0584582
1.16142 0.078457
1.16319 0.0584582
1.16496 0.0769186
1.16673 0.0523047
1.16849 0.053843
1.17026 0.0384593
1.17203 0.0553814
1.1738 0.0461512
1.17557 0.0676884
1.17733 0.0615349
1.1791 0.0569198
1.18087 0.0507663
1.18264 0.053843
1.1844 0.0584582
1.18617 0.0492279
1.18794 0.0476896
1.18971 0.0476896
1.19147 0.0430744
1.19324 0.0446128
1.19501 0.0476896
1.19678 0.0369209
1.19855 0.0523047
1.20031 0.0307675
1.20208 0.0430744
1.20385 0.0261523
1.20562 0.0292291
1.20738 0.0353826
1.20915 0.0430744
1.21092 0.0276907
1.21269 0.0307675
1.21446 0.0276907
1.21622 0.0369209
1.21799 0.0276907
1.21976 0.0199988
1.22153 0.024614
1.22329 0.0199988
1.22506 0.024614
1.22683 0.0276907
1.2286 0.0323058
1.23037 0.0276907
1.23213 0.0307675
1.2339 0.0230756
1.23567 0.0199988
1.23744 0.0276907
1.2392 0.0276907
1.24097 0.0215372
1.24274 0.0169221
1.24451 0.0215372
1.24628 0.012307
1.24804 0.0215372
1.24981 0.0153837
1.25158 0.0184605
1.25335 0.0107686
1.25511 0.0199988
1.25688 0.0169221
1.25865 0.0107686
1.26042 0.012307
1.26219 0.00923024
1.26395 0.00923024
1.26572 0.0184605
1.26749 0.0169221
1.26926 0.0153837
1.27102 0.00615349
1.27279 0.012307
1.27456 0.012307
1.27633 0.0107686
1.2781 0.00615349
1.27986 0.00769186
1.28163 0.00307675
1.2834 0.00153837
1.28517 0.0107686
1.28693 0.00769186
1.2887 0.00769186
1.29047 0.0107686
1.29224 0.00769186
1.29401 0.0138454
1.29577 0.00307675
1.29754 0.00615349
1.29931 0.00461512
1.30108 0.00615349
1.30284 0.00615349
1.30461 0.00769186
1.30638 0.00615349
1.30815 0.00769186
1.30992 0.00461512
1.31168 0.00923024
1.31345 0.00153837
1.31522 0.00307675
1.31699 0.00461512
1.31875 0.00153837
1.32052 0.00153837
1.32229 0.00153837
1.32406 0.00307675
1.32583 0.00307675
1.32759 0.00461512
1.32936 0.00307675
1.33113 0.00307675
1.3329 0.00153837
1.33466 0.00153837
1.33643 0.00615349
1.3382 0.00153837
1.33997 0.00153837
1.34174 0
1.3435 0.00153837
1.34527 0.00153837
1.34704 0
1.34881 0.00153837
1.35057 0
1.35234 0.00153837
1.35411 0
1.35588 0.00153837
1.35765 0
1.35941 0.00153837
1.36118 0
1.36295 0
1.36472 0.00153837
1.36648 0
1.36825 0
1.37002 0
1.37179 0
1.37355 0
1.37532 0
1.37709 0
1.37886 0
1.38063 0
1.38239 0
1.38416 0
1.38593 0
1.3877 0
1.38946 0
1.39123 0
1.393 0
1.39477 0
1.39654 0
1.3983 0
1.40007 0
1.40184 0
1.40361 0
1.40537 0
1.40714 0
1.40891 0
1.41068 0
1.41245 0
