0 0
0.00176777 0
0.00353553 0
0.0053033 0
0.00707107 0
0.00883883 0
0.0106066 0
0.0123744 0
0.0141421 0
0.0159099 0
0.0176777 0
0.0194454 0
0.0212132 0
0.022981 0
0.0247487 0
0.0265165 0
0.0282843 0
0.030052 0
0.0318198 0
0.0335876 0
0.0353553 0
0.0371231 0
0.0388909 0.115378
0.0406586 0.392285
0.0424264 0.372286
0.0441942 0.376901
0.0459619 0.375363
0.0477297 0.438436
0.0494975 0.398439
0.0512652 0.455358
0.053033 0.458435
0.0548008 0.518432
0.0565685 0.518432
0.0583363 0.447666
0.0601041 0.507663
0.0618718 0.484587
0.0636396 0.467665
0.0654074 0.53843
0.0671751 0.570736
0.0689429 0.532277
0.0707107 0.564583
0.0724784 0.564583
0.0742462 0.632271
0.076014 0.603042
0.0777817 0.632271
0.0795495 0.615349
0.0813173 0.690729
0.083085 0.641501
0.0848528 0.704575
0.0866206 0.692268
0.0883883 0.724574
0.0901561 0.704575
0.0919239 0.72765
0.0936916 0.681499
0.0954594 0.739957
0.0972272 0.786108
0.0989949 0.743034
0.100763 0.750726
0.10253 0.810722
0.104298 0.829183
0.106066 0.769186
0.107834 0.803031
0.109602 0.816876
0.111369 0.803031
0.113137 0.816876
0.114905 0.890718
0.116673 0.903025
0.11844 0.919947
0.120208 0.884564
0.121976 0.895333
0.123744 1.0184
0.125511 1.03379
0.127279 0.976867
0.129047 0.989174
0.130815 0.963021
0.132583 1.0061
0.13435 0.995327
0.136118 1.07532
0.137886 0.989174
0.139654 1.06763
0.141421 1.04302
0.143189 1.05532
0.144957 1.10763
0.146725 1.06302
0.148492 1.13378
0.15026 1.06763
0.152028 1.09994
0.153796 1.05225
0.155563 1.16609
0.157331 1.16147
0.159099 1.1707
0.160867 1.11224
0.162635 1.19224
0.164402 1.17224
0.16617 1.20301
0.167938 1.22608
0.169706 1.22301
0.171473 1.19839
0.173241 1.20762
0.175009 1.25377
0.176777 1.25377
0.178544 1.27377
0.180312 1.23224
0.18208 1.2507
0.183848 1.29377
0.185616 1.32762
0.187383 1.21993
0.189151 1.323
0.190919 1.21378
0.192687 1.33685
0.194454 1.343
0.196222 1.34915
0.19799 1.38146
0.199758 1.34608
0.201525 1.34146
0.203293 1.4153
0.205061 1.39069
0.206829 1.33531
0.208596 1.43376
0.210364 1.49684
0.212132 1.41992
0.2139 1.41684
0.215668 1.49222
0.217435 1.44607
0.219203 1.54145
0.220971 1.39838
0.222739 1.50453
0.224506 1.43838
0.226274 1.51837
0.228042 1.51376
0.22981 1.43376
0.231577 1.45222
0.233345 1.51376
0.235113 1.56606
0.236881 1.60606
0.238649 1.53991
0.240416 1.42761
0.242184 1.62914
0.243952 1.49376
0.24572 1.56914
0.247487 1.5676
0.249255 1.58606
0.251023 1.64914
0.252791 1.63221
0.254558 1.59683
0.256326 1.61837
0.258094 1.54914
0.259862 1.56145
0.261629 1.65529
0.263397 1.6276
0.265165 1.63375
0.266933 1.59068
0.268701 1.60914
0.270468 1.69529
0.272236 1.66452
0.274004 1.70298
0.275772 1.64606
0.277539 1.69221
0.279307 1.68452
0.281075 1.69221
0.282843 1.72452
0.28461 1.75682
0.286378 1.64914
0.288146 1.64914
0.289914 1.71529
0.291682 1.78759
0.293449 1.8322
0.295217 1.72144
0.296985 1.77528
0.298753 1.73836
0.30052 1.82451
0.302288 1.70452
0.304056 1.77374
0.305824 1.78913
0.307591 1.73836
0.309359 1.7599
0.311127 1.73375
0.312895 1.78759
0.314663 1.73528
0.31643 1.81836
0.318198 1.76759
0.319966 1.77067
0.321734 1.80913
0.323501 1.85682
0.325269 1.85528
0.327037 1.79374
0.328805 1.76451
0.330572 1.71067
0.33234 1.83989
0.334108 1.8322
0.335876 1.79528
0.337643 1.9122
0.339411 1.91835
0.341179 1.73528
0.342947 1.87528
0.344715 1.91066
0.346482 1.92297
0.34825 1.93373
0.350018 1.82759
0.351786 1.88143
0.353553 1.84759
0.355321 1.9845
0.357089 1.85989
0.358857 1.89374
0.360624 1.90758
0.362392 1.8722
0.36416 1.95835
0.365928 1.89528
0.367696 1.91835
0.369463 1.87989
0.371231 1.84451
0.372999 1.90912
0.374767 1.85989
0.376534 1.80143
0.378302 1.82143
0.38007 1.83066
0.381838 1.91066
0.383605 1.92912
0.385373 1.88297
0.387141 1.93373
0.388909 1.84759
0.390676 2.02604
0.392444 1.95681
0.394212 1.96143
0.39598 1.96604
0.397748 1.91066
0.399515 1.9645
0.401283 1.94758
0.403051 1.88451
0.404819 1.91681
0.406586 1.9445
0.408354 1.92758
0.410122 2.06296
0.41189 1.96912
0.413657 1.96912
0.415425 1.87528
0.417193 1.90758
0.418961 2.09834
0.420729 1.93989
0.422496 1.92297
0.424264 2.01373
0.426032 1.97373
0.4278 1.81836
0.429567 1.92912
0.431335 1.86912
0.433103 1.88297
0.434871 2.09219
0.436638 1.91835
0.438406 1.92912
0.440174 1.86297
0.441942 1.91527
0.443709 1.87066
0.445477 1.99681
0.447245 1.95066
0.449013 2.00758
0.450781 2.01373
0.452548 1.98758
0.454316 1.97066
0.456084 1.95373
0.457852 1.84451
0.459619 2.00142
0.461387 2.00758
0.463155 1.99988
0.464923 1.94604
0.46669 1.96912
0.468458 1.9322
0.470226 2.0045
0.471994 1.98296
0.473762 2.00142
0.475529 1.95373
0.477297 1.86758
0.479065 1.96912
0.480833 1.88758
0.4826 2.01065
0.484368 1.98758
0.486136 1.9645
0.487904 1.9845
0.489671 2.0445
0.491439 1.89374
0.493207 2.08296
0.494975 1.88143
0.496742 1.9845
0.49851 1.99681
0.500278 2.03065
0.502046 1.99065
0.503814 1.91527
0.505581 1.93681
0.507349 1.97066
0.509117 1.87835
0.510885 1.93681
0.512652 1.93066
0.51442 1.95066
0.516188 1.93681
0.517956 1.96296
0.519723 2.03527
0.521491 1.98296
0.523259 1.91989
0.525027 1.96758
0.526795 2.00296
0.528562 1.93527
0.53033 1.96604
0.532098 1.91835
0.533866 1.99988
0.535633 1.94604
0.537401 1.97835
0.539169 1.92758
0.540937 1.95989
0.542704 1.93527
0.544472 1.92758
0.54624 1.89681
0.548008 2.00142
0.549775 1.92758
0.551543 1.95835
0.553311 1.95835
0.555079 1.85989
0.556847 1.85989
0.558614 1.9445
0.560382 2.04142
0.56215 1.9245
0.563918 1.85528
0.565685 1.9845
0.567453 1.92758
0.569221 1.97373
0.570989 1.79528
0.572756 1.85682
0.574524 1.97066
0.576292 1.8922
0.57806 1.92758
0.579828 1.90604
0.581595 1.77528
0.583363 1.9445
0.585131 1.89374
0.586899 1.82913
0.588666 1.83066
0.590434 1.9122
0.592202 1.91066
0.59397 1.82913
0.595737 1.89835
0.597505 1.85835
0.599273 1.85989
0.601041 1.98296
0.602809 1.84451
0.604576 1.82143
0.606344 1.84605
0.608112 1.78144
0.60988 1.83989
0.611647 1.84759
0.613415 1.84143
0.615183 1.89835
0.616951 1.9522
0.618718 1.85528
0.620486 1.82759
0.622254 1.86912
0.624022 1.83528
0.625789 1.8122
0.627557 1.80297
0.629325 1.78759
0.631093 1.74605
0.632861 1.7399
0.634628 1.75528
0.636396 1.84451
0.638164 1.82759
0.639932 1.78759
0.641699 1.75528
0.643467 1.84143
0.645235 1.73375
0.647003 1.83682
0.64877 1.88297
0.650538 1.7799
0.652306 1.72452
0.654074 1.77221
0.655842 1.74913
0.657609 1.80297
0.659377 1.72759
0.661145 1.73375
0.662913 1.7599
0.66468 1.76298
0.666448 1.80451
0.668216 1.82759
0.669984 1.71836
0.671751 1.7399
0.673519 1.61991
0.675287 1.7922
0.677055 1.71529
0.678823 1.77528
0.68059 1.71529
0.682358 1.6599
0.684126 1.74605
0.685894 1.76144
0.687661 1.63375
0.689429 1.65837
0.691197 1.62298
0.692965 1.71682
0.694732 1.61529
0.6965 1.70144
0.698268 1.68913
0.700036 1.66452
0.701803 1.61991
0.703571 1.62914
0.705339 1.65837
0.707107 1.67067
0.708875 1.58606
0.710642 1.67375
0.71241 1.62914
0.714178 1.67221
0.715946 1.56914
0.717713 1.73067
0.719481 1.64452
0.721249 1.69836
0.723017 1.60452
0.724784 1.55222
0.726552 1.61837
0.72832 1.61991
0.730088 1.57376
0.731856 1.56145
0.733623 1.58145
0.735391 1.53222
0.737159 1.48761
0.738927 1.48299
0.740694 1.44915
0.742462 1.47684
0.74423 1.43684
0.745998 1.47838
0.747765 1.4953
0.749533 1.50299
0.751301 1.48761
0.753069 1.48914
0.754836 1.45684
0.756604 1.45376
0.758372 1.41376
0.76014 1.51684
0.761908 1.49991
0.763675 1.38915
0.765443 1.34608
0.767211 1.50299
0.768979 1.4753
0.770746 1.383
0.772514 1.38454
0.774282 1.35069
0.77605 1.38454
0.777817 1.45376
0.779585 1.41838
0.781353 1.38761
0.783121 1.44761
0.784889 1.303
0.786656 1.37069
0.788424 1.33531
0.790192 1.323
0.79196 1.30608
0.793727 1.28916
0.795495 1.41838
0.797263 1.31839
0.799031 1.37377
0.800798 1.30916
0.802566 1.23993
0.804334 1.31685
0.806102 1.21685
0.807869 1.35223
0.809637 1.31069
0.811405 1.25377
0.813173 1.283
0.814941 1.25224
0.816708 1.33377
0.818476 1.303
0.820244 1.15993
0.822012 1.2107
0.823779 1.21224
0.825547 1.29069
0.827315 1.22916
0.829083 1.26147
0.83085 1.21993
0.832618 1.35992
0.834386 1.2307
0.836154 1.27839
0.837922 1.14609
0.839689 1.22147
0.841457 1.10763
0.843225 1.16762
0.844993 1.08917
0.84676 1.11532
0.848528 1.08609
0.850296 1.12763
0.852064 1.20455
0.853831 1.10763
0.855599 1.03532
0.857367 1.04302
0.859135 1.12763
0.860902 1.13686
0.86267 1.10455
0.864438 1.0384
0.866206 1.0384
0.867974 1.01379
0.869741 1.01225
0.871509 1.04302
0.873277 1.02148
0.875045 1.07686
0.876812 1.00148
0.87858 0.986097
0.880348 0.966098
0.882116 0.978405
0.883883 0.987635
0.885651 0.953791
0.887419 0.918409
0.889187 0.904563
0.890954 0.943023
0.892722 0.969175
0.89449 0.89841
0.896258 0.935331
0.898026 0.803031
0.899793 0.873796
0.901561 0.856874
0.903329 0.879949
0.905097 0.906102
0.906864 0.870719
0.908632 0.821491
0.9104 0.884564
0.912168 0.843028
0.913935 0.85072
0.915703 0.778417
0.917471 0.829183
0.919239 0.77534
0.921007 0.77534
0.922774 0.810722
0.924542 0.76611
0.92631 0.78457
0.928078 0.779955
0.929845 0.779955
0.931613 0.779955
0.933381 0.687653
0.935149 0.736881
0.936916 0.730727
0.938684 0.703036
0.940452 0.729189
0.94222 0.696883
0.943988 0.696883
0.945755 0.670731
0.947523 0.693806
0.949291 0.670731
0.951059 0.655347
0.952826 0.63381
0.954594 0.663039
0.956362 0.616887
0.95813 0.647655
0.959897 0.646117
0.961665 0.599965
0.963433 0.552276
0.965201 0.563044
0.966968 0.603042
0.968736 0.621503
0.970504 0.535354
0.972272 0.536892
0.97404 0.513817
0.975807 0.487664
0.977575 0.469204
0.979343 0.51997
0.981111 0.455358
0.982878 0.496894
0.984646 0.527662
0.986414 0.446128
0.988182 0.44459
0.989949 0.439975
0.991717 0.458435
0.993485 0.456897
0.995253 0.389208
0.997021 0.338442
0.998788 0.464589
1.00056 0.384593
1.00232 0.370748
1.00409 0.3969
1.00586 0.381516
1.00763 0.332289
1.00939 0.333827
1.01116 0.372286
1.01293 0.372286
1.0147 0.359979
1.01647 0.335365
1.01823 0.341519
1.02 0.301521
1.02177 0.295368
1.02354 0.292291
1.0253 0.306136
1.02707 0.27383
1.02884 0.267677
1.03061 0.276907
1.03238 0.278445
1.03414 0.292291
1.03591 0.304598
1.03768 0.269215
1.03945 0.25537
1.04121 0.289214
1.04298 0.232294
1.04475 0.27383
1.04652 0.218449
1.04829 0.219987
1.05005 0.219987
1.05182 0.250755
1.05359 0.203065
1.05536 0.229218
1.05712 0.223064
1.05889 0.219987
1.06066 0.213834
1.06243 0.218449
1.0642 0.216911
1.06596 0.203065
1.06773 0.196912
1.0695 0.175374
1.07127 0.193835
1.07303 0.192297
1.0748 0.190758
1.07657 0.203065
1.07834 0.19845
1.08011 0.166144
1.08187 0.159991
1.08364 0.167683
1.08541 0.159991
1.08718 0.152299
1.08894 0.176913
1.09071 0.155376
1.09248 0.149222
1.09425 0.152299
1.09602 0.144607
1.09778 0.158452
1.09955 0.14153
1.10132 0.133838
1.10309 0.153837
1.10485 0.127685
1.10662 0.126147
1.10839 0.118455
1.11016 0.107686
1.11193 0.124608
1.11369 0.12307
1.11546 0.110763
1.11723 0.106148
1.119 0.133838
1.12076 0.0984559
1.12253 0.129223
1.1243 0.0938407
1.12607 0.116916
1.12784 0.0984559
1.1296 0.118455
1.13137 0.103071
1.13314 0.121531
1.13491 0.0969175
1.13667 0.103071
1.13844 0.119993
1.14021 0.0723035
1.14198 0.0692268
1.14375 0.112301
1.14551 0.0799954
1.14728 0.0738419
1.14905 0.0692268
1.15082 0.0769186
1.15258 0.0923024
1.15435 0.0799954
1.15612 0.06615
1.15789 0.0692268
1.15966 0.0676884
1.16142 0.078457
1.16319 0.0830721
1.16496 0.0753803
1.16673 0.0707651
1.16849 0.0507663
1.17026 0.0569198
1.17203 0.0446128
1.1738 0.0492279
1.17557 0.0846105
1.17733 0.0446128
1.1791 0.053843
1.18087 0.0569198
1.18264 0.0446128
1.1844 0.0323058
1.18617 0.0523047
1.18794 0.0569198
1.18971 0.0461512
1.19147 0.0446128
1.19324 0.0415361
1.19501 0.0430744
1.19678 0.0461512
1.19855 0.0569198
1.20031 0.0476896
1.20208 0.0476896
1.20385 0.0492279
1.20562 0.0384593
1.20738 0.0384593
1.20915 0.0323058
1.21092 0.0492279
1.21269 0.0369209
1.21446 0.0307675
1.21622 0.0292291
1.21799 0.0307675
1.21976 0.0353826
1.22153 0.0215372
1.22329 0.024614
1.22506 0.0215372
1.22683 0.0199988
1.2286 0.0199988
1.23037 0.0169221
1.23213 0.0230756
1.2339 0.0153837
1.23567 0.0230756
1.23744 0.0169221
1.2392 0.0307675
1.24097 0.0338442
1.24274 0.00923024
1.24451 0.0215372
1.24628 0.0184605
1.24804 0.00461512
1.24981 0.0153837
1.25158 0.0230756
1.25335 0.0153837
1.25511 0.0215372
1.25688 0.0107686
1.25865 0.0184605
1.26042 0.00923024
1.26219 0.012307
1.26395 0.0153837
1.26572 0.0169221
1.26749 0.0107686
1.26926 0.012307
1.27102 0.0153837
1.27279 0.0107686
1.27456 0.0153837
1.27633 0.0107686
1.2781 0.0169221
1.27986 0.0153837
1.28163 0.00307675
1.2834 0.00153837
1.28517 0.00461512
1.28693 0.0169221
1.2887 0.00769186
1.29047 0.00461512
1.29224 0.0107686
1.29401 0.00769186
1.29577 0.00153837
1.29754 0.00615349
1.29931 0.00153837
1.30108 0.00153837
1.30284 0.00769186
1.30461 0.00153837
1.30638 0.00307675
1.30815 0.00461512
1.30992 0.00153837
1.31168 0.00461512
1.31345 0.00307675
1.31522 0.00461512
1.31699 0.00769186
1.31875 0.00307675
1.32052 0.00307675
1.32229 0.00153837
1.32406 0.00615349
1.32583 0.00153837
1.32759 0.00461512
1.32936 0.00307675
1.33113 0.00153837
1.3329 0.00153837
1.33466 0
1.33643 0
1.3382 0.00307675
1.33997 0.00307675
1.34174 0
1.3435 0.00153837
1.34527 0
1.34704 0
1.34881 0
1.35057 0
1.35234 0
1.35411 0.00153837
1.35588 0.00153837
1.35765 0.00153837
1.35941 0.00153837
1.36118 0
1.36295 0
1.36472 0
1.36648 0
1.36825 0
1.37002 0
1.37179 0.00153837
1.37355 0
1.37532 0
1.37709 0.00153837
1.37886 0
1.38063 0
1.38239 0
1.38416 0
1.38593 0
1.3877 0
1.38946 0
1.39123 0
1.393 0
1.39477 0
1.39654 0
1.3983 0
1.40007 0
1.40184 0
1.40361 0
1.40537 0
1.40714 0
1.40891 0
1.41068 0
1.41245 0
