0 0
0.00176777 0
0.00353553 0
0.0053033 0
0.00707107 0
0.00883883 0
0.0106066 0
0.0123744 0
0.0141421 0
0.0159099 0
0.0176777 0
0.0194454 0
0.0212132 0
0.022981 0
0.0247487 0
0.0265165 0
0.0282843 0
0.030052 0
0.0318198 0
0.0335876 0
0.0353553 0
0.0371231 0
0.0388909 0.121531
0.0406586 0.415361
0.0424264 0.392285
0.0441942 0.413822
0.0459619 0.423053
0.0477297 0.443051
0.0494975 0.413822
0.0512652 0.433821
0.053033 0.466127
0.0548008 0.436898
0.0565685 0.516893
0.0583363 0.461512
0.0601041 0.53843
0.0618718 0.513817
0.0636396 0.47228
0.0654074 0.547661
0.0671751 0.572275
0.0689429 0.606119
0.0707107 0.604581
0.0724784 0.607657
0.0742462 0.612272
0.076014 0.672269
0.0777817 0.632271
0.0795495 0.675346
0.0813173 0.679961
0.083085 0.710728
0.0848528 0.684576
0.0866206 0.676884
0.0883883 0.675346
0.0901561 0.738419
0.0919239 0.78457
0.0936916 0.783032
0.0954594 0.704575
0.0972272 0.77534
0.0989949 0.786108
0.100763 0.7938
0.10253 0.846105
0.104298 0.779955
0.106066 0.809184
0.107834 0.927639
0.109602 0.799954
0.111369 0.878411
0.113137 0.89841
0.114905 0.938407
0.116673 0.912255
0.11844 0.836875
0.120208 0.961483
0.121976 0.959945
0.123744 0.941484
0.125511 0.890718
0.127279 0.952253
0.129047 0.99225
0.130815 0.97379
0.132583 1.01686
0.13435 1.07071
0.136118 1.04609
0.137886 1.00302
0.139654 1.05225
0.141421 1.06302
0.143189 1.0384
0.144957 1.05994
0.146725 1.13378
0.148492 1.08763
0.15026 1.07686
0.152028 1.09994
0.153796 1.09532
0.155563 1.09071
0.157331 1.08455
0.159099 1.2707
0.160867 1.19532
0.162635 1.15993
0.164402 1.17532
0.16617 1.22147
0.167938 1.23839
0.169706 1.20916
0.171473 1.24147
0.173241 1.2507
0.175009 1.21993
0.176777 1.34608
0.178544 1.18147
0.180312 1.35223
0.18208 1.20147
0.183848 1.32762
0.185616 1.34146
0.187383 1.38761
0.189151 1.25531
0.190919 1.28762
0.192687 1.2107
0.194454 1.33838
0.196222 1.31223
0.19799 1.34915
0.199758 1.29685
0.201525 1.40761
0.203293 1.39377
0.205061 1.41838
0.206829 1.40761
0.208596 1.383
0.210364 1.35992
0.212132 1.40453
0.2139 1.37838
0.215668 1.42146
0.217435 1.45069
0.219203 1.39684
0.220971 1.51837
0.222739 1.40453
0.224506 1.38915
0.226274 1.5153
0.228042 1.62144
0.22981 1.49376
0.231577 1.35838
0.233345 1.45992
0.235113 1.57068
0.236881 1.49684
0.238649 1.43684
0.240416 1.47684
0.242184 1.47222
0.243952 1.54299
0.24572 1.57222
0.247487 1.63068
0.249255 1.57068
0.251023 1.52607
0.252791 1.48299
0.254558 1.55068
0.256326 1.62914
0.258094 1.56145
0.259862 1.65375
0.261629 1.71836
0.263397 1.60606
0.265165 1.57529
0.266933 1.61221
0.268701 1.61375
0.270468 1.67683
0.272236 1.65529
0.274004 1.62606
0.275772 1.70452
0.277539 1.62914
0.279307 1.7599
0.281075 1.73836
0.282843 1.6076
0.28461 1.67529
0.286378 1.61375
0.288146 1.67221
0.289914 1.70606
0.291682 1.72298
0.293449 1.78759
0.295217 1.66913
0.296985 1.74913
0.298753 1.85374
0.30052 1.76298
0.302288 1.72913
0.304056 1.70144
0.305824 1.6999
0.307591 1.70452
0.309359 1.72759
0.311127 1.7199
0.312895 1.70759
0.314663 1.79682
0.31643 1.78297
0.318198 1.80605
0.319966 1.75682
0.321734 1.75374
0.323501 1.81066
0.325269 1.8322
0.327037 1.8322
0.328805 1.80759
0.330572 1.79682
0.33234 1.87835
0.334108 1.90297
0.335876 1.76759
0.337643 1.90912
0.339411 1.77221
0.341179 1.86605
0.342947 1.88451
0.344715 1.86297
0.346482 1.84451
0.34825 1.82605
0.350018 1.88912
0.351786 1.91374
0.353553 1.89528
0.355321 1.79067
0.357089 1.93989
0.358857 1.80605
0.360624 1.84605
0.362392 1.90912
0.36416 1.86758
0.365928 1.91066
0.367696 1.95835
0.369463 1.8522
0.371231 1.92758
0.372999 1.90143
0.374767 1.95681
0.376534 1.90758
0.378302 1.89374
0.38007 1.88297
0.381838 1.90143
0.383605 1.80605
0.385373 1.99681
0.387141 1.87528
0.388909 1.89066
0.390676 1.90758
0.392444 1.87681
0.394212 1.83682
0.39598 1.90912
0.397748 1.89528
0.399515 1.89835
0.401283 1.88143
0.403051 1.89528
0.404819 1.94143
0.406586 1.9645
0.408354 1.98296
0.410122 1.9845
0.41189 2.07834
0.413657 2.03219
0.415425 2.03065
0.417193 1.94143
0.418961 1.92758
0.420729 1.93989
0.422496 1.96143
0.424264 1.91374
0.426032 1.93681
0.4278 1.85374
0.429567 2.07526
0.431335 1.92143
0.433103 1.90912
0.434871 2.02911
0.436638 1.84759
0.438406 1.9122
0.440174 2.03219
0.441942 1.94758
0.443709 1.99835
0.445477 1.9322
0.447245 1.93989
0.449013 1.92143
0.450781 1.91066
0.452548 1.93527
0.454316 2.02296
0.456084 1.99681
0.457852 1.89681
0.459619 2.17064
0.461387 1.9445
0.463155 2.07526
0.464923 1.98296
0.46669 1.94758
0.468458 1.9445
0.470226 1.92912
0.471994 2.1368
0.473762 2.01065
0.475529 2.02758
0.477297 2.05065
0.479065 1.94296
0.480833 2.00911
0.4826 1.99681
0.484368 1.95835
0.486136 1.98758
0.487904 2.03988
0.489671 2.00604
0.491439 2.0845
0.493207 1.97373
0.494975 2.10142
0.496742 2.02296
0.49851 2.03527
0.500278 2.00604
0.502046 1.9245
0.503814 1.88297
0.505581 1.90758
0.507349 1.98296
0.509117 2.01065
0.510885 2.01065
0.512652 1.90912
0.51442 1.95681
0.516188 1.92143
0.517956 2.00911
0.519723 1.9522
0.521491 1.99527
0.523259 1.92912
0.525027 1.99065
0.526795 1.93835
0.528562 1.95066
0.53033 1.92297
0.532098 1.94604
0.533866 1.88451
0.535633 1.95681
0.537401 2.03373
0.539169 1.94296
0.540937 1.95373
0.542704 1.92143
0.544472 1.94912
0.54624 1.94143
0.548008 1.97681
0.549775 1.92143
0.551543 1.89681
0.553311 1.87528
0.555079 1.90451
0.556847 1.96604
0.558614 1.98296
0.560382 1.89989
0.56215 1.97219
0.563918 2.03065
0.565685 1.9122
0.567453 1.88605
0.569221 1.91066
0.570989 1.85374
0.572756 1.90758
0.574524 1.9845
0.576292 1.94143
0.57806 1.78759
0.579828 1.85989
0.581595 1.90912
0.583363 1.85835
0.585131 1.87066
0.586899 1.93527
0.588666 1.83989
0.590434 1.81528
0.592202 1.88758
0.59397 1.9122
0.595737 1.78297
0.597505 1.87835
0.599273 1.86451
0.601041 1.89528
0.602809 1.86451
0.604576 1.82605
0.606344 1.82913
0.608112 1.89989
0.60988 1.89835
0.611647 1.82605
0.613415 1.92297
0.615183 1.82913
0.616951 1.9445
0.618718 1.85989
0.620486 1.84912
0.622254 1.76144
0.624022 1.8522
0.625789 1.86297
0.627557 1.82759
0.629325 1.82297
0.631093 1.71682
0.632861 1.80297
0.634628 1.91527
0.636396 1.77221
0.638164 1.8122
0.639932 1.83528
0.641699 1.85374
0.643467 1.7999
0.645235 1.78451
0.647003 1.78605
0.64877 1.72913
0.650538 1.86297
0.652306 1.70298
0.654074 1.81836
0.655842 1.79836
0.657609 1.72452
0.659377 1.75528
0.661145 1.71836
0.662913 1.75374
0.66468 1.74605
0.666448 1.63375
0.668216 1.78605
0.669984 1.65837
0.671751 1.69375
0.673519 1.75528
0.675287 1.76605
0.677055 1.70298
0.678823 1.78759
0.68059 1.72298
0.682358 1.65067
0.684126 1.68913
0.685894 1.75528
0.687661 1.72298
0.689429 1.68298
0.691197 1.69221
0.692965 1.68452
0.694732 1.8199
0.6965 1.67836
0.698268 1.67375
0.700036 1.67529
0.701803 1.58606
0.703571 1.63683
0.705339 1.61991
0.707107 1.68298
0.708875 1.73375
0.710642 1.60606
0.71241 1.62298
0.714178 1.6076
0.715946 1.51991
0.717713 1.55683
0.719481 1.64914
0.721249 1.50145
0.723017 1.61068
0.724784 1.62144
0.726552 1.57837
0.72832 1.49991
0.730088 1.62144
0.731856 1.52607
0.733623 1.50607
0.735391 1.55529
0.737159 1.48607
0.738927 1.46761
0.740694 1.50145
0.742462 1.49068
0.74423 1.4953
0.745998 1.45376
0.747765 1.45222
0.749533 1.5276
0.751301 1.48299
0.753069 1.50145
0.754836 1.41838
0.756604 1.53376
0.758372 1.45992
0.76014 1.46915
0.761908 1.4953
0.763675 1.48914
0.765443 1.42299
0.767211 1.45376
0.768979 1.38607
0.770746 1.41069
0.772514 1.45992
0.774282 1.46145
0.77605 1.39223
0.777817 1.34761
0.779585 1.30762
0.781353 1.3953
0.783121 1.43376
0.784889 1.4153
0.786656 1.41838
0.788424 1.32915
0.790192 1.33223
0.79196 1.31531
0.793727 1.33223
0.795495 1.34146
0.797263 1.29993
0.799031 1.33992
0.800798 1.36146
0.802566 1.31069
0.804334 1.35992
0.806102 1.24301
0.807869 1.2107
0.809637 1.30146
0.811405 1.30608
0.813173 1.27993
0.814941 1.20301
0.816708 1.17378
0.818476 1.25377
0.820244 1.28916
0.822012 1.27531
0.823779 1.16609
0.825547 1.20147
0.827315 1.21224
0.829083 1.13224
0.83085 1.18762
0.832618 1.19532
0.834386 1.18301
0.836154 1.11071
0.837922 1.17378
0.839689 1.14147
0.841457 1.15224
0.843225 1.13532
0.844993 1.10147
0.84676 1.15532
0.848528 1.11686
0.850296 1.15839
0.852064 1.08455
0.853831 1.10609
0.855599 1.09071
0.857367 1.0984
0.859135 1.10763
0.860902 1.06609
0.86267 1.03532
0.864438 1.10609
0.866206 1.06609
0.867974 1.08301
0.869741 1.02609
0.871509 0.998404
0.873277 0.990712
0.875045 0.978405
0.876812 0.95533
0.87858 0.987635
0.880348 0.927639
0.882116 0.99225
0.883883 0.924562
0.885651 0.995327
0.887419 0.99225
0.889187 0.892256
0.890954 0.933792
0.892722 0.895333
0.89449 0.90764
0.896258 0.936869
0.898026 0.919947
0.899793 0.892256
0.901561 0.881488
0.903329 0.91687
0.905097 0.866104
0.906864 0.936869
0.908632 0.795339
0.9104 0.826106
0.912168 0.818414
0.913935 0.824568
0.915703 0.7938
0.917471 0.847643
0.919239 0.804569
0.921007 0.753803
0.922774 0.770725
0.924542 0.883026
0.92631 0.744572
0.928078 0.769186
0.929845 0.779955
0.931613 0.750726
0.933381 0.721497
0.935149 0.69996
0.936916 0.673807
0.938684 0.719958
0.940452 0.721497
0.94222 0.65227
0.943988 0.681499
0.945755 0.686114
0.947523 0.698421
0.949291 0.6615
0.951059 0.686114
0.952826 0.572275
0.954594 0.649193
0.956362 0.621503
0.95813 0.636886
0.959897 0.630733
0.961665 0.619964
0.963433 0.561506
0.965201 0.546122
0.966968 0.629194
0.968736 0.541507
0.970504 0.598427
0.972272 0.543046
0.97404 0.53843
0.975807 0.503048
0.977575 0.53843
0.979343 0.506125
0.981111 0.492279
0.982878 0.50151
0.984646 0.473819
0.986414 0.473819
0.988182 0.423053
0.989949 0.407669
0.991717 0.415361
0.993485 0.426129
0.995253 0.439975
0.997021 0.452282
0.998788 0.423053
1.00056 0.432283
1.00232 0.395362
1.00409 0.343057
1.00586 0.419976
1.00763 0.343057
1.00939 0.324597
1.01116 0.364594
1.01293 0.353826
1.0147 0.329212
1.01647 0.327673
1.01823 0.332289
1.02 0.267677
1.02177 0.332289
1.02354 0.293829
1.0253 0.293829
1.02707 0.226141
1.02884 0.307675
1.03061 0.292291
1.03238 0.296906
1.03414 0.25537
1.03591 0.296906
1.03768 0.258447
1.03945 0.270754
1.04121 0.266138
1.04298 0.239986
1.04475 0.276907
1.04652 0.235371
1.04829 0.233833
1.05005 0.203065
1.05182 0.238448
1.05359 0.263062
1.05536 0.19845
1.05712 0.244601
1.05889 0.244601
1.06066 0.183066
1.06243 0.212295
1.0642 0.195373
1.06596 0.175374
1.06773 0.199988
1.0695 0.192297
1.07127 0.224602
1.07303 0.206142
1.0748 0.190758
1.07657 0.195373
1.07834 0.195373
1.08011 0.192297
1.08187 0.184605
1.08364 0.187681
1.08541 0.187681
1.08718 0.147684
1.08894 0.20768
1.09071 0.144607
1.09248 0.147684
1.09425 0.133838
1.09602 0.163068
1.09778 0.130762
1.09955 0.155376
1.10132 0.136915
1.10309 0.152299
1.10485 0.124608
1.10662 0.121531
1.10839 0.127685
1.11016 0.130762
1.11193 0.1323
1.11369 0.136915
1.11546 0.112301
1.11723 0.107686
1.119 0.143069
1.12076 0.143069
1.12253 0.139992
1.1243 0.127685
1.12607 0.118455
1.12784 0.0923024
1.1296 0.107686
1.13137 0.0969175
1.13314 0.109224
1.13491 0.101533
1.13667 0.0999942
1.13844 0.110763
1.14021 0.06615
1.14198 0.0892256
1.14375 0.0953791
1.14551 0.0999942
1.14728 0.0892256
1.14905 0.0846105
1.15082 0.0876872
1.15258 0.0723035
1.15435 0.0799954
1.15612 0.0799954
1.15789 0.0846105
1.15966 0.0646117
1.16142 0.0630733
1.16319 0.06615
1.16496 0.0692268
1.16673 0.0692268
1.16849 0.0615349
1.17026 0.0599965
1.17203 0.0476896
1.1738 0.0630733
1.17557 0.0646117
1.17733 0.0461512
1.1791 0.0599965
1.18087 0.06615
1.18264 0.0584582
1.1844 0.0569198
1.18617 0.0523047
1.18794 0.053843
1.18971 0.0430744
1.19147 0.0461512
1.19324 0.0415361
1.19501 0.0338442
1.19678 0.0369209
1.19855 0.0307675
1.20031 0.0369209
1.20208 0.0461512
1.20385 0.0384593
1.20562 0.0415361
1.20738 0.0384593
1.20915 0.0399977
1.21092 0.0215372
1.21269 0.0307675
1.21446 0.0353826
1.21622 0.0338442
1.21799 0.0276907
1.21976 0.0184605
1.22153 0.0261523
1.22329 0.0292291
1.22506 0.0399977
1.22683 0.0307675
1.2286 0.0261523
1.23037 0.0323058
1.23213 0.0307675
1.2339 0.0153837
1.23567 0.0199988
1.23744 0.024614
1.2392 0.0107686
1.24097 0.0199988
1.24274 0.0230756
1.24451 0.0153837
1.24628 0.0292291
1.24804 0.0138454
1.24981 0.0138454
1.25158 0.0153837
1.25335 0.012307
1.25511 0.0138454
1.25688 0.0169221
1.25865 0.0184605
1.26042 0.0153837
1.26219 0.0184605
1.26395 0.0107686
1.26572 0.0107686
1.26749 0.00615349
1.26926 0.00769186
1.27102 0.00615349
1.27279 0.00615349
1.27456 0.012307
1.27633 0.0199988
1.2781 0.012307
1.27986 0.00923024
1.28163 0.0153837
1.2834 0.00307675
1.28517 0
1.28693 0.00923024
1.2887 0.012307
1.29047 0.00615349
1.29224 0.00615349
1.29401 0.00461512
1.29577 0.0107686
1.29754 0.0107686
1.29931 0.00461512
1.30108 0.00461512
1.30284 0.00923024
1.30461 0.00461512
1.30638 0.00153837
1.30815 0.00769186
1.30992 0.00615349
1.31168 0.00461512
1.31345 0.00461512
1.31522 0.00153837
1.31699 0.00153837
1.31875 0.00461512
1.32052 0.00461512
1.32229 0.00153837
1.32406 0.00461512
1.32583 0
1.32759 0.00153837
1.32936 0.00153837
1.33113 0.00153837
1.3329 0.00307675
1.33466 0
1.33643 0.00153837
1.3382 0.00153837
1.33997 0.00153837
1.34174 0
1.3435 0
1.34527 0.00307675
1.34704 0.00153837
1.34881 0.00307675
1.35057 0
1.35234 0
1.35411 0
1.35588 0
1.35765 0
1.35941 0
1.36118 0
1.36295 0.00307675
1.36472 0.00153837
1.36648 0
1.36825 0.00153837
1.37002 0
1.37179 0
1.37355 0
1.37532 0
1.37709 0
1.37886 0.00153837
1.38063 0
1.38239 0
1.38416 0
1.38593 0
1.3877 0
1.38946 0
1.39123 0
1.393 0
1.39477 0
1.39654 0
1.3983 0
1.40007 0
1.40184 0
1.40361 0
1.40537 0
1.40714 0
1.40891 0
1.41068 0
1.41245 0
