0 0
0.00176777 0
0.00353553 0
0.0053033 0
0.00707107 0
0.00883883 0
0.0106066 0
0.0123744 0
0.0141421 0
0.0159099 0
0.0176777 0
0.0194454 0
0.0212132 0
0.022981 0
0.0247487 0
0.0265165 0
0.0282843 0
0.030052 0
0.0318198 0
0.0335876 0
0.0353553 0
0.0371231 0
0.0388909 0.129223
0.0406586 0.359979
0.0424264 0.389208
0.0441942 0.37844
0.0459619 0.430744
0.0477297 0.464589
0.0494975 0.3969
0.0512652 0.458435
0.053033 0.483049
0.0548008 0.499971
0.0565685 0.45382
0.0583363 0.523047
0.0601041 0.524585
0.0618718 0.561506
0.0636396 0.544584
0.0654074 0.558429
0.0671751 0.569198
0.0689429 0.550737
0.0707107 0.589197
0.0724784 0.607657
0.0742462 0.610734
0.076014 0.649193
0.0777817 0.632271
0.0795495 0.693806
0.0813173 0.655347
0.083085 0.749188
0.0848528 0.690729
0.0866206 0.749188
0.0883883 0.71842
0.0901561 0.653808
0.0919239 0.71842
0.0936916 0.703036
0.0954594 0.715343
0.0972272 0.83226
0.0989949 0.756879
0.100763 0.773802
0.10253 0.810722
0.104298 0.826106
0.106066 0.813799
0.107834 0.816876
0.109602 0.84149
0.111369 0.910717
0.113137 0.827645
0.114905 0.856874
0.116673 0.83226
0.11844 0.890718
0.120208 0.929177
0.121976 0.924562
0.123744 0.944561
0.125511 0.896871
0.127279 1.00148
0.129047 0.986097
0.130815 1.05379
0.132583 1.02917
0.13435 1.02609
0.136118 1.0184
0.137886 0.966098
0.139654 1.04456
0.141421 1.05225
0.143189 1.01686
0.144957 1.04917
0.146725 1.06148
0.148492 1.08148
0.15026 1.07686
0.152028 1.11071
0.153796 1.15224
0.155563 1.17532
0.157331 1.16301
0.159099 1.18609
0.160867 1.17224
0.162635 1.23993
0.164402 1.23531
0.16617 1.18147
0.167938 1.15224
0.169706 1.19685
0.171473 1.14609
0.173241 1.17224
0.175009 1.22762
0.176777 1.27993
0.178544 1.23993
0.180312 1.17993
0.18208 1.26762
0.183848 1.27993
0.185616 1.32146
0.187383 1.32146
0.189151 1.34454
0.190919 1.36454
0.192687 1.34146
0.194454 1.31069
0.196222 1.30762
0.19799 1.35377
0.199758 1.44146
0.201525 1.35684
0.203293 1.35377
0.205061 1.39069
0.206829 1.31839
0.208596 1.40607
0.210364 1.43069
0.212132 1.36761
0.2139 1.43223
0.215668 1.4353
0.217435 1.43838
0.219203 1.49991
0.220971 1.42453
0.222739 1.4553
0.224506 1.37223
0.226274 1.54299
0.228042 1.45838
0.22981 1.52607
0.231577 1.48761
0.233345 1.4553
0.235113 1.44761
0.236881 1.59991
0.238649 1.54145
0.240416 1.58452
0.242184 1.54145
0.243952 1.49838
0.24572 1.53991
0.247487 1.55222
0.249255 1.58299
0.251023 1.56453
0.252791 1.62606
0.254558 1.58606
0.256326 1.62606
0.258094 1.56914
0.259862 1.5676
0.261629 1.66913
0.263397 1.56914
0.265165 1.63375
0.266933 1.68298
0.268701 1.71067
0.270468 1.68759
0.272236 1.68452
0.274004 1.63529
0.275772 1.72759
0.277539 1.71221
0.279307 1.6599
0.281075 1.66144
0.282843 1.71067
0.28461 1.69529
0.286378 1.70913
0.288146 1.68759
0.289914 1.64452
0.291682 1.68759
0.293449 1.75221
0.295217 1.71682
0.296985 1.6799
0.298753 1.75067
0.30052 1.75067
0.302288 1.71682
0.304056 1.73375
0.305824 1.81528
0.307591 1.82143
0.309359 1.8199
0.311127 1.80759
0.312895 1.73682
0.314663 1.71221
0.31643 1.68452
0.318198 1.88297
0.319966 1.86912
0.321734 1.77067
0.323501 1.79836
0.325269 1.76605
0.327037 1.72452
0.328805 1.86297
0.330572 1.87681
0.33234 1.68298
0.334108 1.78451
0.335876 1.78759
0.337643 1.85528
0.339411 1.76144
0.341179 1.84451
0.342947 1.79067
0.344715 1.85066
0.346482 1.82143
0.34825 1.89066
0.350018 1.86297
0.351786 1.83066
0.353553 1.81374
0.355321 1.85989
0.357089 1.89528
0.358857 1.77374
0.360624 1.89835
0.362392 1.83066
0.36416 1.89835
0.365928 1.92604
0.367696 1.86758
0.369463 1.89681
0.371231 1.92604
0.372999 1.8122
0.374767 1.97989
0.376534 1.91835
0.378302 1.92297
0.38007 1.92297
0.381838 1.88297
0.383605 1.90143
0.385373 1.90912
0.387141 1.89374
0.388909 1.9322
0.390676 2.04142
0.392444 1.9122
0.394212 1.99527
0.39598 1.80605
0.397748 1.95066
0.399515 1.92143
0.401283 1.89374
0.403051 1.88451
0.404819 1.90297
0.406586 1.86912
0.408354 1.94758
0.410122 1.87989
0.41189 1.88912
0.413657 1.93066
0.415425 1.85066
0.417193 2.08911
0.418961 1.9322
0.420729 1.96296
0.422496 1.95373
0.424264 1.95681
0.426032 1.97527
0.4278 1.92143
0.429567 1.93527
0.431335 1.94296
0.433103 2.05065
0.434871 1.92297
0.436638 2.00758
0.438406 1.9645
0.440174 1.93527
0.441942 1.9445
0.443709 2.0568
0.445477 2.00296
0.447245 2.08757
0.449013 1.9322
0.450781 1.97066
0.452548 2.04604
0.454316 2.01681
0.456084 1.88297
0.457852 2.0045
0.459619 1.89835
0.461387 1.95989
0.463155 2.06142
0.464923 1.93989
0.46669 2.04911
0.468458 1.94143
0.470226 1.97835
0.471994 2.03527
0.473762 1.91527
0.475529 2.0645
0.477297 2.04757
0.479065 1.92297
0.480833 1.94143
0.4826 2.07834
0.484368 1.85989
0.486136 1.93066
0.487904 2.04604
0.489671 1.99527
0.491439 1.98912
0.493207 2.05988
0.494975 2.00911
0.496742 1.99681
0.49851 1.97219
0.500278 1.97989
0.502046 1.93835
0.503814 1.88297
0.505581 1.95835
0.507349 1.9645
0.509117 2.01219
0.510885 1.95527
0.512652 2.05834
0.51442 1.91374
0.516188 1.9645
0.517956 2.08757
0.519723 1.90912
0.521491 1.97527
0.523259 1.9845
0.525027 2.00142
0.526795 1.96912
0.528562 1.95835
0.53033 2.03219
0.532098 1.97681
0.533866 1.99065
0.535633 1.96758
0.537401 1.93066
0.539169 1.93681
0.540937 1.94758
0.542704 1.99988
0.544472 2.00142
0.54624 1.94758
0.548008 1.98604
0.549775 1.91989
0.551543 1.94758
0.553311 1.85682
0.555079 1.96912
0.556847 1.8922
0.558614 1.93373
0.560382 1.83989
0.56215 1.94758
0.563918 1.89528
0.565685 1.97989
0.567453 1.84143
0.569221 1.95066
0.570989 1.88912
0.572756 1.81836
0.574524 1.93527
0.576292 1.97066
0.57806 1.88297
0.579828 1.9245
0.581595 1.80605
0.583363 1.91374
0.585131 1.81682
0.586899 1.84759
0.588666 2.02142
0.590434 1.85989
0.592202 1.87528
0.59397 1.81528
0.595737 1.81836
0.597505 1.83836
0.599273 1.90143
0.601041 1.79374
0.602809 1.88297
0.604576 1.97373
0.606344 1.87066
0.608112 1.91527
0.60988 1.90912
0.611647 1.84143
0.613415 1.90604
0.615183 1.85835
0.616951 1.84143
0.618718 1.85528
0.620486 1.81066
0.622254 1.8722
0.624022 1.75374
0.625789 1.85066
0.627557 1.84912
0.629325 1.75067
0.631093 1.73375
0.632861 1.79836
0.634628 1.78297
0.636396 1.81836
0.638164 1.82605
0.639932 1.69221
0.641699 1.69221
0.643467 1.84759
0.645235 1.86297
0.647003 1.70913
0.64877 1.79682
0.650538 1.70144
0.652306 1.74759
0.654074 1.71375
0.655842 1.73528
0.657609 1.77221
0.659377 1.78144
0.661145 1.77067
0.662913 1.75836
0.66468 1.72452
0.666448 1.70759
0.668216 1.75067
0.669984 1.84143
0.671751 1.73682
0.673519 1.70759
0.675287 1.73375
0.677055 1.72605
0.678823 1.72144
0.68059 1.62914
0.682358 1.70759
0.684126 1.73067
0.685894 1.72605
0.687661 1.6476
0.689429 1.6999
0.691197 1.73836
0.692965 1.76451
0.694732 1.73221
0.6965 1.69375
0.698268 1.62144
0.700036 1.63991
0.701803 1.69067
0.703571 1.70452
0.705339 1.57222
0.707107 1.63991
0.708875 1.67836
0.710642 1.68144
0.71241 1.61991
0.714178 1.67067
0.715946 1.50914
0.717713 1.62452
0.719481 1.60452
0.721249 1.50299
0.723017 1.44761
0.724784 1.61837
0.726552 1.58914
0.72832 1.59222
0.730088 1.5876
0.731856 1.54145
0.733623 1.60606
0.735391 1.5353
0.737159 1.50145
0.738927 1.55683
0.740694 1.4353
0.742462 1.50453
0.74423 1.53068
0.745998 1.57837
0.747765 1.38607
0.749533 1.50453
0.751301 1.55991
0.753069 1.47068
0.754836 1.54299
0.756604 1.45838
0.758372 1.44299
0.76014 1.52299
0.761908 1.5153
0.763675 1.45376
0.765443 1.36761
0.767211 1.52607
0.768979 1.37069
0.770746 1.44453
0.772514 1.39992
0.774282 1.44299
0.77605 1.34146
0.777817 1.3953
0.779585 1.38915
0.781353 1.31992
0.783121 1.35684
0.784889 1.33685
0.786656 1.34761
0.788424 1.30454
0.790192 1.303
0.79196 1.47838
0.793727 1.33531
0.795495 1.29839
0.797263 1.303
0.799031 1.33531
0.800798 1.25377
0.802566 1.27993
0.804334 1.32608
0.806102 1.31069
0.807869 1.24916
0.809637 1.2707
0.811405 1.30454
0.813173 1.2507
0.814941 1.26762
0.816708 1.25224
0.818476 1.41376
0.820244 1.23377
0.822012 1.17993
0.823779 1.24301
0.825547 1.18609
0.827315 1.19378
0.829083 1.23224
0.83085 1.1707
0.832618 1.20301
0.834386 1.18455
0.836154 1.15532
0.837922 1.12609
0.839689 1.1507
0.841457 1.15532
0.843225 1.11686
0.844993 1.14609
0.84676 1.08917
0.848528 1.12301
0.850296 1.09224
0.852064 1.05532
0.853831 1.15378
0.855599 1.04609
0.857367 1.10147
0.859135 1.09994
0.860902 1.13378
0.86267 1.09224
0.864438 1.08917
0.866206 1.01686
0.867974 1.05379
0.869741 1.04302
0.871509 0.995327
0.873277 1.0184
0.875045 1.02609
0.876812 0.998404
0.87858 1.01686
0.880348 1.02456
0.882116 1.00917
0.883883 0.984559
0.885651 0.939946
0.887419 0.970713
0.889187 1.04763
0.890954 0.976867
0.892722 0.881488
0.89449 0.903025
0.896258 0.989174
0.898026 0.887641
0.899793 0.83226
0.901561 0.893795
0.903329 0.873796
0.905097 0.932254
0.906864 0.829183
0.908632 0.866104
0.9104 0.824568
0.912168 0.839952
0.913935 0.815338
0.915703 0.847643
0.917471 0.816876
0.919239 0.810722
0.921007 0.847643
0.922774 0.776878
0.924542 0.806107
0.92631 0.759956
0.928078 0.735342
0.929845 0.701498
0.931613 0.733804
0.933381 0.752264
0.935149 0.726112
0.936916 0.772263
0.938684 0.670731
0.940452 0.755341
0.94222 0.70919
0.943988 0.659962
0.945755 0.65227
0.947523 0.669192
0.949291 0.672269
0.951059 0.615349
0.952826 0.669192
0.954594 0.604581
0.956362 0.563044
0.95813 0.636886
0.959897 0.646117
0.961665 0.590735
0.963433 0.573813
0.965201 0.547661
0.966968 0.535354
0.968736 0.516893
0.970504 0.527662
0.972272 0.623041
0.97404 0.509201
0.975807 0.5292
0.977575 0.553814
0.979343 0.490741
0.981111 0.484587
0.982878 0.489203
0.984646 0.481511
0.986414 0.475357
0.988182 0.433821
0.989949 0.430744
0.991717 0.395362
0.993485 0.441513
0.995253 0.412284
0.997021 0.427668
0.998788 0.381516
1.00056 0.40613
1.00232 0.398439
1.00409 0.383055
1.00586 0.353826
1.00763 0.353826
1.00939 0.366133
1.01116 0.366133
1.01293 0.379978
1.0147 0.346134
1.01647 0.369209
1.01823 0.381516
1.02 0.323058
1.02177 0.344596
1.02354 0.33075
1.0253 0.324597
1.02707 0.295368
1.02884 0.304598
1.03061 0.258447
1.03238 0.304598
1.03414 0.244601
1.03591 0.258447
1.03768 0.261523
1.03945 0.244601
1.04121 0.236909
1.04298 0.25537
1.04475 0.25537
1.04652 0.224602
1.04829 0.263062
1.05005 0.247678
1.05182 0.259985
1.05359 0.196912
1.05536 0.27383
1.05712 0.204604
1.05889 0.216911
1.06066 0.192297
1.06243 0.196912
1.0642 0.192297
1.06596 0.193835
1.06773 0.187681
1.0695 0.212295
1.07127 0.187681
1.07303 0.184605
1.0748 0.201527
1.07657 0.192297
1.07834 0.17999
1.08011 0.169221
1.08187 0.158452
1.08364 0.204604
1.08541 0.169221
1.08718 0.167683
1.08894 0.153837
1.09071 0.146145
1.09248 0.144607
1.09425 0.14153
1.09602 0.143069
1.09778 0.152299
1.09955 0.143069
1.10132 0.150761
1.10309 0.138454
1.10485 0.138454
1.10662 0.155376
1.10839 0.147684
1.11016 0.136915
1.11193 0.0999942
1.11369 0.133838
1.11546 0.124608
1.11723 0.110763
1.119 0.116916
1.12076 0.1323
1.12253 0.116916
1.1243 0.103071
1.12607 0.12307
1.12784 0.0969175
1.1296 0.0969175
1.13137 0.0999942
1.13314 0.0999942
1.13491 0.110763
1.13667 0.110763
1.13844 0.0876872
1.14021 0.0799954
1.14198 0.109224
1.14375 0.0646117
1.14551 0.078457
1.14728 0.0738419
1.14905 0.078457
1.15082 0.090764
1.15258 0.0646117
1.15435 0.0676884
1.15612 0.0769186
1.15789 0.0646117
1.15966 0.0861489
1.16142 0.0707651
1.16319 0.0630733
1.16496 0.0584582
1.16673 0.0738419
1.16849 0.0615349
1.17026 0.0523047
1.17203 0.0430744
1.1738 0.053843
1.17557 0.0584582
1.17733 0.0476896
1.1791 0.0523047
1.18087 0.0476896
1.18264 0.0461512
1.1844 0.0353826
1.18617 0.0523047
1.18794 0.0523047
1.18971 0.053843
1.19147 0.0461512
1.19324 0.0461512
1.19501 0.0461512
1.19678 0.0430744
1.19855 0.0415361
1.20031 0.0323058
1.20208 0.0507663
1.20385 0.0492279
1.20562 0.0276907
1.20738 0.0492279
1.20915 0.0446128
1.21092 0.0461512
1.21269 0.0399977
1.21446 0.0323058
1.21622 0.0353826
1.21799 0.0215372
1.21976 0.0323058
1.22153 0.0476896
1.22329 0.0199988
1.22506 0.0215372
1.22683 0.0384593
1.2286 0.0307675
1.23037 0.0415361
1.23213 0.0199988
1.2339 0.0184605
1.23567 0.0215372
1.23744 0.0215372
1.2392 0.012307
1.24097 0.0261523
1.24274 0.0215372
1.24451 0.024614
1.24628 0.0199988
1.24804 0.0184605
1.24981 0.0169221
1.25158 0.0215372
1.25335 0.0184605
1.25511 0.0138454
1.25688 0.0107686
1.25865 0.0153837
1.26042 0.0169221
1.26219 0.00769186
1.26395 0.0184605
1.26572 0.0138454
1.26749 0.0199988
1.26926 0.0153837
1.27102 0.012307
1.27279 0.00769186
1.27456 0.0138454
1.27633 0.012307
1.2781 0.00153837
1.27986 0.0107686
1.28163 0.0107686
1.2834 0.00307675
1.28517 0.0138454
1.28693 0.00769186
1.2887 0.0138454
1.29047 0.00461512
1.29224 0.00615349
1.29401 0.00307675
1.29577 0.00461512
1.29754 0.00461512
1.29931 0.00307675
1.30108 0.00153837
1.30284 0.00153837
1.30461 0
1.30638 0.00461512
1.30815 0.00769186
1.30992 0.00461512
1.31168 0
1.31345 0.00615349
1.31522 0.00307675
1.31699 0.00153837
1.31875 0.00615349
1.32052 0.00153837
1.32229 0.00153837
1.32406 0.00461512
1.32583 0.00307675
1.32759 0.00153837
1.32936 0
1.33113 0.00307675
1.3329 0.00153837
1.33466 0.00153837
1.33643 0
1.3382 0
1.33997 0
1.34174 0
1.3435 0
1.34527 0
1.34704 0.00153837
1.34881 0
1.35057 0.00307675
1.35234 0.00307675
1.35411 0
1.35588 0.00153837
1.35765 0
1.35941 0
1.36118 0
1.36295 0.00153837
1.36472 0
1.36648 0
1.36825 0
1.37002 0
1.37179 0
1.37355 0
1.37532 0
1.37709 0
1.37886 0.00153837
1.38063 0.00153837
1.38239 0
1.38416 0
1.38593 0
1.3877 0
1.38946 0
1.39123 0
1.393 0
1.39477 0
1.39654 0
1.3983 0
1.40007 0
1.40184 0
1.40361 0
1.40537 0
1.40714 0
1.40891 0
1.41068 0
1.41245 0
