0 0.00307675
0.00176777 0.0215372
0.00353553 0.0553814
0.0053033 0.0553814
0.00707107 0.0446128
0.00883883 0.0815338
0.0106066 0.0923024
0.0123744 0.107686
0.0141421 0.153837
0.0159099 0.156914
0.0176777 0.153837
0.0194454 0.166144
0.0212132 0.18922
0.022981 0.193835
0.0247487 0.258447
0.0265165 0.235371
0.0282843 0.224602
0.030052 0.230756
0.0318198 0.287676
0.0335876 0.289214
0.0353553 0.296906
0.0371231 0.33998
0.0388909 3.38904
0.0406586 0.513817
0.0424264 0.436898
0.0441942 0.421514
0.0459619 0.450743
0.0477297 0.452282
0.0494975 0.446128
0.0512652 0.403054
0.053033 0.470742
0.0548008 0.478434
0.0565685 0.489203
0.0583363 0.496894
0.0601041 0.521508
0.0618718 0.484587
0.0636396 0.506125
0.0654074 0.541507
0.0671751 0.523047
0.0689429 0.573813
0.0707107 0.581505
0.0724784 0.613811
0.0742462 0.644578
0.076014 0.656885
0.0777817 0.636886
0.0795495 0.707651
0.0813173 0.704575
0.083085 0.729189
0.0848528 0.70919
0.0866206 0.673807
0.0883883 0.721497
0.0901561 0.726112
0.0919239 0.735342
0.0936916 0.747649
0.0954594 0.747649
0.0972272 0.739957
0.0989949 0.807646
0.100763 0.836875
0.10253 0.758418
0.104298 0.77534
0.106066 0.7938
0.107834 0.875334
0.109602 0.810722
0.111369 0.843028
0.113137 0.804569
0.114905 0.824568
0.116673 0.970713
0.11844 0.936869
0.120208 0.95533
0.121976 0.89841
0.123744 0.830721
0.125511 0.924562
0.127279 0.938407
0.129047 0.949176
0.130815 1.07071
0.132583 0.990712
0.13435 0.993789
0.136118 1.02609
0.137886 0.963021
0.139654 1.08301
0.141421 1.02148
0.143189 1.0584
0.144957 1.07532
0.146725 1.12763
0.148492 1.06148
0.15026 1.08301
0.152028 1.12763
0.153796 1.13686
0.155563 1.08917
0.157331 1.14609
0.159099 1.07378
0.160867 1.21378
0.162635 1.13686
0.164402 1.1384
0.16617 1.19839
0.167938 1.13993
0.169706 1.14916
0.171473 1.20608
0.173241 1.24608
0.175009 1.17532
0.176777 1.20147
0.178544 1.17532
0.180312 1.12763
0.18208 1.20762
0.183848 1.24454
0.185616 1.24916
0.187383 1.29223
0.189151 1.24454
0.190919 1.28762
0.192687 1.41223
0.194454 1.41376
0.196222 1.4353
0.19799 1.323
0.199758 1.37684
0.201525 1.31685
0.203293 1.343
0.205061 1.34915
0.206829 1.44607
0.208596 1.31839
0.210364 1.39223
0.212132 1.38761
0.2139 1.43838
0.215668 1.46145
0.217435 1.32454
0.219203 1.43992
0.220971 1.38607
0.222739 1.39992
0.224506 1.44915
0.226274 1.45838
0.228042 1.48914
0.22981 1.44915
0.231577 1.45376
0.233345 1.44761
0.235113 1.40761
0.236881 1.51684
0.238649 1.48914
0.240416 1.49068
0.242184 1.57376
0.243952 1.48145
0.24572 1.54914
0.247487 1.52145
0.249255 1.57376
0.251023 1.59068
0.252791 1.60145
0.254558 1.58299
0.256326 1.59529
0.258094 1.57068
0.259862 1.56145
0.261629 1.57529
0.263397 1.67836
0.265165 1.6676
0.266933 1.65837
0.268701 1.59375
0.270468 1.53376
0.272236 1.68606
0.274004 1.66606
0.275772 1.61068
0.277539 1.71221
0.279307 1.71529
0.281075 1.67529
0.282843 1.69529
0.28461 1.5876
0.286378 1.71529
0.288146 1.63683
0.289914 1.6799
0.291682 1.63221
0.293449 1.69836
0.295217 1.6676
0.296985 1.76144
0.298753 1.73682
0.30052 1.79528
0.302288 1.79836
0.304056 1.80297
0.305824 1.70298
0.307591 1.72759
0.309359 1.82297
0.311127 1.72605
0.312895 1.78913
0.314663 1.70452
0.31643 1.75836
0.318198 1.76451
0.319966 1.83528
0.321734 1.77682
0.323501 1.81374
0.325269 1.76144
0.327037 1.87681
0.328805 1.81374
0.330572 1.81374
0.33234 1.76298
0.334108 1.85374
0.335876 1.8199
0.337643 1.86143
0.339411 1.70452
0.341179 1.71067
0.342947 1.89066
0.344715 1.82913
0.346482 1.8122
0.34825 1.9122
0.350018 1.80143
0.351786 1.9645
0.353553 1.86605
0.355321 1.86605
0.357089 1.90758
0.358857 1.75374
0.360624 1.76605
0.362392 1.8322
0.36416 1.83528
0.365928 1.79374
0.367696 1.84143
0.369463 1.77374
0.371231 1.87066
0.372999 1.92143
0.374767 1.90143
0.376534 1.79528
0.378302 1.84605
0.38007 1.95373
0.381838 1.83528
0.383605 1.90758
0.385373 1.85066
0.387141 1.92297
0.388909 1.91374
0.390676 1.98142
0.392444 1.88451
0.394212 1.89374
0.39598 2.04911
0.397748 1.88143
0.399515 1.9245
0.401283 1.88451
0.403051 1.90604
0.404819 1.80605
0.406586 1.97989
0.408354 1.94604
0.410122 2.04142
0.41189 1.93835
0.413657 1.93527
0.415425 1.90912
0.417193 1.92143
0.418961 1.94604
0.420729 1.82297
0.422496 1.95527
0.424264 1.95373
0.426032 1.9645
0.4278 1.92143
0.429567 1.92143
0.431335 1.97681
0.433103 1.92297
0.434871 1.98142
0.436638 1.75374
0.438406 1.88758
0.440174 1.93527
0.441942 1.95066
0.443709 1.89374
0.445477 2.02142
0.447245 1.97681
0.449013 1.84605
0.450781 1.9322
0.452548 1.90451
0.454316 1.97066
0.456084 1.96296
0.457852 1.95066
0.459619 1.9845
0.461387 1.95989
0.463155 2.01527
0.464923 1.90758
0.46669 1.95066
0.468458 1.94143
0.470226 2.07988
0.471994 1.96143
0.473762 1.89681
0.475529 1.9522
0.477297 1.9245
0.479065 1.88297
0.480833 2.07219
0.4826 1.97835
0.484368 1.99835
0.486136 1.8722
0.487904 1.94758
0.489671 1.98758
0.491439 1.93681
0.493207 1.96143
0.494975 1.95681
0.496742 1.96604
0.49851 2.04604
0.500278 1.93681
0.502046 1.97527
0.503814 1.96758
0.505581 2.03681
0.507349 1.94296
0.509117 1.89066
0.510885 1.9245
0.512652 1.99988
0.51442 1.94604
0.516188 1.97066
0.517956 1.83989
0.519723 1.95527
0.521491 1.9645
0.523259 1.91374
0.525027 1.99988
0.526795 1.9522
0.528562 1.90297
0.53033 1.91835
0.532098 1.87835
0.533866 1.87989
0.535633 1.91374
0.537401 1.93681
0.539169 1.9845
0.540937 1.91374
0.542704 1.92758
0.544472 1.98142
0.54624 1.80913
0.548008 1.95066
0.549775 1.8922
0.551543 1.99373
0.553311 1.97373
0.555079 1.82451
0.556847 1.9322
0.558614 1.88297
0.560382 1.83066
0.56215 1.86297
0.563918 1.87374
0.565685 1.95989
0.567453 1.99835
0.569221 1.97681
0.570989 1.86912
0.572756 1.97219
0.574524 1.89681
0.576292 2.03373
0.57806 1.80143
0.579828 1.88912
0.581595 2.01373
0.583363 1.80913
0.585131 1.85682
0.586899 1.91989
0.588666 1.92604
0.590434 1.86451
0.592202 1.85835
0.59397 1.94296
0.595737 1.80759
0.597505 1.89066
0.599273 1.9445
0.601041 1.93835
0.602809 1.88143
0.604576 1.92758
0.606344 1.96296
0.608112 1.86758
0.60988 1.8722
0.611647 1.86605
0.613415 1.85682
0.615183 1.81836
0.616951 1.91374
0.618718 1.86297
0.620486 1.81528
0.622254 1.77836
0.624022 1.77836
0.625789 1.88297
0.627557 1.78297
0.629325 1.79528
0.631093 1.73528
0.632861 1.80759
0.634628 1.86758
0.636396 1.7399
0.638164 1.84605
0.639932 1.76759
0.641699 1.7799
0.643467 1.79836
0.645235 1.76759
0.647003 1.75528
0.64877 1.71836
0.650538 1.73528
0.652306 1.74605
0.654074 1.70144
0.655842 1.68759
0.657609 1.69375
0.659377 1.77067
0.661145 1.77836
0.662913 1.72144
0.66468 1.6799
0.666448 1.83682
0.668216 1.7922
0.669984 1.64452
0.671751 1.7199
0.673519 1.70759
0.675287 1.77682
0.677055 1.60452
0.678823 1.69683
0.68059 1.67221
0.682358 1.57991
0.684126 1.68759
0.685894 1.67529
0.687661 1.64144
0.689429 1.72759
0.691197 1.63529
0.692965 1.6676
0.694732 1.63837
0.6965 1.59837
0.698268 1.58145
0.700036 1.70606
0.701803 1.67529
0.703571 1.72759
0.705339 1.63837
0.707107 1.58299
0.708875 1.59837
0.710642 1.58145
0.71241 1.64452
0.714178 1.62914
0.715946 1.62298
0.717713 1.59529
0.719481 1.67375
0.721249 1.59068
0.723017 1.61837
0.724784 1.4753
0.726552 1.47991
0.72832 1.50453
0.730088 1.47838
0.731856 1.4753
0.733623 1.54299
0.735391 1.46761
0.737159 1.48145
0.738927 1.48145
0.740694 1.56145
0.742462 1.41223
0.74423 1.50145
0.745998 1.44761
0.747765 1.45376
0.749533 1.47222
0.751301 1.35069
0.753069 1.45992
0.754836 1.42761
0.756604 1.42453
0.758372 1.39069
0.76014 1.46761
0.761908 1.50761
0.763675 1.44146
0.765443 1.42453
0.767211 1.45069
0.768979 1.43223
0.770746 1.44299
0.772514 1.43684
0.774282 1.44915
0.77605 1.43684
0.777817 1.39684
0.779585 1.39992
0.781353 1.37223
0.783121 1.30916
0.784889 1.35838
0.786656 1.33838
0.788424 1.323
0.790192 1.29531
0.79196 1.37377
0.793727 1.30608
0.795495 1.343
0.797263 1.2307
0.799031 1.32454
0.800798 1.35069
0.802566 1.29377
0.804334 1.31839
0.806102 1.28608
0.807869 1.25377
0.809637 1.30762
0.811405 1.27993
0.813173 1.25839
0.814941 1.20455
0.816708 1.24301
0.818476 1.22608
0.820244 1.29223
0.822012 1.23531
0.823779 1.15839
0.825547 1.21224
0.827315 1.2107
0.829083 1.17224
0.83085 1.16455
0.832618 1.1907
0.834386 1.19685
0.836154 1.21993
0.837922 1.15378
0.839689 1.15378
0.841457 1.09071
0.843225 1.10455
0.844993 1.16301
0.84676 1.07686
0.848528 1.06455
0.850296 1.11071
0.852064 1.09071
0.853831 1.08917
0.855599 1.12917
0.857367 1.16301
0.859135 1.01379
0.860902 1.04917
0.86267 1.00456
0.864438 1.04609
0.866206 0.972252
0.867974 1.05686
0.869741 1.07994
0.871509 1.01379
0.873277 1.05071
0.875045 0.95533
0.876812 1.00456
0.87858 1.02763
0.880348 0.96456
0.882116 1.0384
0.883883 0.896871
0.885651 0.950714
0.887419 0.981482
0.889187 1.00763
0.890954 0.943023
0.892722 0.879949
0.89449 0.884564
0.896258 0.943023
0.898026 0.90764
0.899793 0.893795
0.901561 0.85072
0.903329 0.77534
0.905097 0.867642
0.906864 0.867642
0.908632 0.829183
0.9104 0.899948
0.912168 0.830721
0.913935 0.838413
0.915703 0.833798
0.917471 0.753803
0.919239 0.815338
0.921007 0.779955
0.922774 0.761495
0.924542 0.779955
0.92631 0.787647
0.928078 0.732265
0.929845 0.770725
0.931613 0.78457
0.933381 0.710728
0.935149 0.743034
0.936916 0.72765
0.938684 0.703036
0.940452 0.638425
0.94222 0.663039
0.943988 0.615349
0.945755 0.609196
0.947523 0.629194
0.949291 0.710728
0.951059 0.653808
0.952826 0.650732
0.954594 0.644578
0.956362 0.632271
0.95813 0.630733
0.959897 0.610734
0.961665 0.609196
0.963433 0.556891
0.965201 0.618426
0.966968 0.583043
0.968736 0.493818
0.970504 0.552276
0.972272 0.543046
0.97404 0.572275
0.975807 0.516893
0.977575 0.487664
0.979343 0.552276
0.981111 0.536892
0.982878 0.516893
0.984646 0.467665
0.986414 0.46305
0.988182 0.452282
0.989949 0.433821
0.991717 0.47228
0.993485 0.421514
0.995253 0.429206
0.997021 0.449205
0.998788 0.395362
1.00056 0.409207
1.00232 0.426129
1.00409 0.375363
1.00586 0.386132
1.00763 0.272292
1.00939 0.343057
1.01116 0.37844
1.01293 0.353826
1.0147 0.379978
1.01647 0.323058
1.01823 0.364594
1.02 0.32152
1.02177 0.326135
1.02354 0.319982
1.0253 0.276907
1.02707 0.283061
1.02884 0.286137
1.03061 0.332289
1.03238 0.266138
1.03414 0.326135
1.03591 0.249216
1.03768 0.236909
1.03945 0.263062
1.04121 0.279984
1.04298 0.239986
1.04475 0.247678
1.04652 0.25537
1.04829 0.227679
1.05005 0.243063
1.05182 0.238448
1.05359 0.269215
1.05536 0.244601
1.05712 0.218449
1.05889 0.227679
1.06066 0.230756
1.06243 0.204604
1.0642 0.204604
1.06596 0.190758
1.06773 0.206142
1.0695 0.210757
1.07127 0.167683
1.07303 0.17999
1.0748 0.193835
1.07657 0.164606
1.07834 0.175374
1.08011 0.138454
1.08187 0.190758
1.08364 0.173836
1.08541 0.152299
1.08718 0.169221
1.08894 0.158452
1.09071 0.192297
1.09248 0.133838
1.09425 0.138454
1.09602 0.156914
1.09778 0.14153
1.09955 0.149222
1.10132 0.159991
1.10309 0.133838
1.10485 0.14153
1.10662 0.103071
1.10839 0.12307
1.11016 0.118455
1.11193 0.129223
1.11369 0.124608
1.11546 0.126147
1.11723 0.126147
1.119 0.133838
1.12076 0.126147
1.12253 0.115378
1.1243 0.101533
1.12607 0.0861489
1.12784 0.0938407
1.1296 0.124608
1.13137 0.103071
1.13314 0.090764
1.13491 0.0846105
1.13667 0.0830721
1.13844 0.0892256
1.14021 0.103071
1.14198 0.078457
1.14375 0.0830721
1.14551 0.090764
1.14728 0.0861489
1.14905 0.0799954
1.15082 0.0892256
1.15258 0.0676884
1.15435 0.0876872
1.15612 0.0692268
1.15789 0.0923024
1.15966 0.0769186
1.16142 0.0753803
1.16319 0.0676884
1.16496 0.0707651
1.16673 0.0523047
1.16849 0.06615
1.17026 0.0753803
1.17203 0.053843
1.1738 0.0584582
1.17557 0.0615349
1.17733 0.0846105
1.1791 0.0615349
1.18087 0.0584582
1.18264 0.0523047
1.1844 0.0446128
1.18617 0.0446128
1.18794 0.0369209
1.18971 0.0507663
1.19147 0.0415361
1.19324 0.0461512
1.19501 0.053843
1.19678 0.0399977
1.19855 0.0399977
1.20031 0.0369209
1.20208 0.0292291
1.20385 0.0307675
1.20562 0.0369209
1.20738 0.0292291
1.20915 0.0338442
1.21092 0.0384593
1.21269 0.0430744
1.21446 0.0353826
1.21622 0.0492279
1.21799 0.0323058
1.21976 0.0261523
1.22153 0.0369209
1.22329 0.0323058
1.22506 0.0292291
1.22683 0.0184605
1.2286 0.0230756
1.23037 0.0323058
1.23213 0.0323058
1.2339 0.0230756
1.23567 0.0261523
1.23744 0.0169221
1.2392 0.0199988
1.24097 0.0215372
1.24274 0.0276907
1.24451 0.00923024
1.24628 0.012307
1.24804 0.0169221
1.24981 0.0230756
1.25158 0.0153837
1.25335 0.0107686
1.25511 0.0153837
1.25688 0.0169221
1.25865 0.00923024
1.26042 0.012307
1.26219 0.0169221
1.26395 0.0138454
1.26572 0.012307
1.26749 0.00923024
1.26926 0.0138454
1.27102 0.0107686
1.27279 0.0184605
1.27456 0.0138454
1.27633 0.00923024
1.2781 0.0153837
1.27986 0.00615349
1.28163 0.0138454
1.2834 0.00615349
1.28517 0.0107686
1.28693 0.00615349
1.2887 0.012307
1.29047 0.00307675
1.29224 0.00307675
1.29401 0.00769186
1.29577 0.0107686
1.29754 0.00615349
1.29931 0.00461512
1.30108 0.00615349
1.30284 0.00461512
1.30461 0.00153837
1.30638 0.00461512
1.30815 0.00615349
1.30992 0.00153837
1.31168 0.00769186
1.31345 0.00153837
1.31522 0.00307675
1.31699 0.00461512
1.31875 0.00307675
1.32052 0.00307675
1.32229 0.00153837
1.32406 0.00461512
1.32583 0.00307675
1.32759 0.00307675
1.32936 0.00307675
1.33113 0.00307675
1.3329 0
1.33466 0
1.33643 0.00769186
1.3382 0
1.33997 0
1.34174 0
1.3435 0
1.34527 0.00307675
1.34704 0
1.34881 0
1.35057 0.00153837
1.35234 0
1.35411 0
1.35588 0
1.35765 0.00153837
1.35941 0
1.36118 0
1.36295 0
1.36472 0
1.36648 0.00153837
1.36825 0.00307675
1.37002 0
1.37179 0
1.37355 0
1.37532 0
1.37709 0
1.37886 0
1.38063 0
1.38239 0
1.38416 0.00153837
1.38593 0
1.3877 0
1.38946 0
1.39123 0
1.393 0
1.39477 0
1.39654 0
1.3983 0
1.40007 0
1.40184 0
1.40361 0
1.40537 0
1.40714 0
1.40891 0
1.41068 0
1.41245 0
