0 0
0.00176777 0
0.00353553 0
0.0053033 0
0.00707107 0
0.00883883 0
0.0106066 0
0.0123744 0
0.0141421 0
0.0159099 0
0.0176777 0
0.0194454 0
0.0212132 0
0.022981 0
0.0247487 0
0.0265165 0
0.0282843 0
0.030052 0
0.0318198 0
0.0335876 0
0.0353553 0
0.0371231 0
0.0388909 0.199988
0.0406586 0.475357
0.0424264 0.507663
0.0441942 0.535354
0.0459619 0.57689
0.0477297 0.581505
0.0494975 0.570736
0.0512652 0.56766
0.053033 0.635348
0.0548008 0.589197
0.0565685 0.638425
0.0583363 0.623041
0.0601041 0.639963
0.0618718 0.659962
0.0636396 0.6615
0.0654074 0.632271
0.0671751 0.644578
0.0689429 0.673807
0.0707107 0.635348
0.0724784 0.655347
0.0742462 0.656885
0.076014 0.715343
0.0777817 0.672269
0.0795495 0.741496
0.0813173 0.719958
0.083085 0.69996
0.0848528 0.749188
0.0866206 0.72765
0.0883883 0.7938
0.0901561 0.707651
0.0919239 0.72765
0.0936916 0.799954
0.0954594 0.795339
0.0972272 0.796877
0.0989949 0.77534
0.100763 0.861489
0.10253 0.812261
0.104298 0.781493
0.106066 0.873796
0.107834 0.830721
0.109602 0.7938
0.111369 0.881488
0.113137 0.91687
0.114905 0.85995
0.116673 0.932254
0.11844 0.929177
0.120208 0.896871
0.121976 0.941484
0.123744 0.9261
0.125511 0.996866
0.127279 0.978405
0.129047 1.00148
0.130815 1.03071
0.132583 1.04763
0.13435 1.01533
0.136118 1.09071
0.137886 1.00148
0.139654 1.09994
0.141421 1.06917
0.143189 1.06455
0.144957 1.04609
0.146725 1.03071
0.148492 1.0784
0.15026 1.09378
0.152028 1.09224
0.153796 1.10301
0.155563 1.11532
0.157331 1.14147
0.159099 1.17224
0.160867 1.14763
0.162635 1.17993
0.164402 1.05686
0.16617 1.23531
0.167938 1.19993
0.169706 1.13378
0.171473 1.26762
0.173241 1.2107
0.175009 1.29223
0.176777 1.22454
0.178544 1.32915
0.180312 1.2107
0.18208 1.22301
0.183848 1.263
0.185616 1.33531
0.187383 1.33992
0.189151 1.23685
0.190919 1.31377
0.192687 1.37531
0.194454 1.2707
0.196222 1.30608
0.19799 1.29993
0.199758 1.39069
0.201525 1.45992
0.203293 1.39838
0.205061 1.43684
0.206829 1.45069
0.208596 1.38454
0.210364 1.47222
0.212132 1.40607
0.2139 1.45992
0.215668 1.50607
0.217435 1.43069
0.219203 1.48145
0.220971 1.4153
0.222739 1.46299
0.224506 1.44453
0.226274 1.45838
0.228042 1.40146
0.22981 1.46761
0.231577 1.47222
0.233345 1.49838
0.235113 1.51837
0.236881 1.49222
0.238649 1.42761
0.240416 1.41992
0.242184 1.56606
0.243952 1.51222
0.24572 1.49991
0.247487 1.5476
0.249255 1.54914
0.251023 1.57991
0.252791 1.54145
0.254558 1.44299
0.256326 1.59222
0.258094 1.51837
0.259862 1.6476
0.261629 1.6276
0.263397 1.59683
0.265165 1.64606
0.266933 1.61837
0.268701 1.67529
0.270468 1.6476
0.272236 1.64144
0.274004 1.63529
0.275772 1.69683
0.277539 1.71529
0.279307 1.59222
0.281075 1.65067
0.282843 1.65683
0.28461 1.60452
0.286378 1.6999
0.288146 1.66452
0.289914 1.71682
0.291682 1.71375
0.293449 1.72298
0.295217 1.70913
0.296985 1.69683
0.298753 1.75528
0.30052 1.68452
0.302288 1.71221
0.304056 1.78759
0.305824 1.73067
0.307591 1.71529
0.309359 1.72144
0.311127 1.76298
0.312895 1.84297
0.314663 1.69836
0.31643 1.73528
0.318198 1.75067
0.319966 1.77221
0.321734 1.84297
0.323501 1.80605
0.325269 1.78297
0.327037 1.69221
0.328805 1.75374
0.330572 1.74451
0.33234 1.83066
0.334108 1.74913
0.335876 1.86758
0.337643 1.86297
0.339411 1.92912
0.341179 1.83374
0.342947 1.79528
0.344715 1.81682
0.346482 1.78144
0.34825 1.72452
0.350018 1.87681
0.351786 1.90143
0.353553 1.88912
0.355321 1.88758
0.357089 1.80451
0.358857 1.91989
0.360624 1.9122
0.362392 1.8322
0.36416 1.9122
0.365928 1.85682
0.367696 1.95527
0.369463 1.91989
0.371231 1.89528
0.372999 1.82759
0.374767 1.93681
0.376534 1.9122
0.378302 1.93681
0.38007 1.99219
0.381838 1.87066
0.383605 1.95527
0.385373 1.83682
0.387141 1.88758
0.388909 1.98604
0.390676 1.92143
0.392444 1.92297
0.394212 1.95066
0.39598 1.94912
0.397748 1.9445
0.399515 1.95835
0.401283 1.87681
0.403051 2.02604
0.404819 1.91527
0.406586 1.89989
0.408354 2.02911
0.410122 1.97219
0.41189 2.0045
0.413657 1.92758
0.415425 1.99527
0.417193 1.94912
0.418961 1.95066
0.420729 1.94296
0.422496 1.9445
0.424264 1.84605
0.426032 1.89374
0.4278 1.95373
0.429567 1.9245
0.431335 1.95989
0.433103 1.96296
0.434871 1.78759
0.436638 1.93835
0.438406 1.86912
0.440174 1.97681
0.441942 2.00142
0.443709 2.04757
0.445477 1.95681
0.447245 1.94758
0.449013 2.00604
0.450781 1.96143
0.452548 1.88297
0.454316 1.97835
0.456084 1.9322
0.457852 1.95989
0.459619 1.95527
0.461387 1.95681
0.463155 1.87374
0.464923 2.01219
0.46669 1.90451
0.468458 2.02911
0.470226 1.96296
0.471994 2.02758
0.473762 1.99835
0.475529 1.92604
0.477297 1.96604
0.479065 1.90451
0.480833 2.06757
0.4826 2.07373
0.484368 1.85374
0.486136 1.93373
0.487904 1.9445
0.489671 1.85682
0.491439 1.98758
0.493207 1.91835
0.494975 1.97989
0.496742 1.88297
0.49851 1.91835
0.500278 1.9122
0.502046 1.9245
0.503814 1.94758
0.505581 1.96758
0.507349 2.01065
0.509117 2.01373
0.510885 1.96604
0.512652 2.01681
0.51442 1.97066
0.516188 2.01527
0.517956 1.93989
0.519723 1.92758
0.521491 1.93527
0.523259 1.93527
0.525027 1.92297
0.526795 2.02604
0.528562 1.95527
0.53033 1.96758
0.532098 1.89374
0.533866 1.86297
0.535633 1.91681
0.537401 1.90297
0.539169 1.90604
0.540937 1.93527
0.542704 1.87835
0.544472 1.94604
0.54624 2.0045
0.548008 1.89528
0.549775 2.0045
0.551543 1.8522
0.553311 1.91527
0.555079 1.92912
0.556847 1.93835
0.558614 1.96143
0.560382 1.89989
0.56215 1.9122
0.563918 1.89374
0.565685 1.88451
0.567453 2.01681
0.569221 1.88143
0.570989 1.93835
0.572756 1.9445
0.574524 1.9122
0.576292 1.87066
0.57806 1.90451
0.579828 1.90604
0.581595 1.91835
0.583363 1.92143
0.585131 1.87681
0.586899 1.80759
0.588666 1.82451
0.590434 1.83682
0.592202 1.87989
0.59397 1.91681
0.595737 1.83989
0.597505 1.8722
0.599273 1.81374
0.601041 1.86451
0.602809 1.89066
0.604576 1.87835
0.606344 1.92604
0.608112 1.92143
0.60988 1.85989
0.611647 1.80605
0.613415 1.84759
0.615183 1.7922
0.616951 1.94296
0.618718 1.85835
0.620486 1.78297
0.622254 1.82451
0.624022 1.95989
0.625789 1.84605
0.627557 1.91374
0.629325 1.87835
0.631093 1.7999
0.632861 1.71375
0.634628 1.8722
0.636396 1.86451
0.638164 1.80143
0.639932 1.68144
0.641699 1.82143
0.643467 1.73221
0.645235 1.75528
0.647003 1.74759
0.64877 1.72144
0.650538 1.85989
0.652306 1.74913
0.654074 1.69067
0.655842 1.74759
0.657609 1.76759
0.659377 1.76759
0.661145 1.86605
0.662913 1.74298
0.66468 1.67221
0.666448 1.69221
0.668216 1.60606
0.669984 1.66298
0.671751 1.81374
0.673519 1.78144
0.675287 1.65529
0.677055 1.74913
0.678823 1.64298
0.68059 1.66144
0.682358 1.67067
0.684126 1.7599
0.685894 1.70298
0.687661 1.68298
0.689429 1.65529
0.691197 1.69067
0.692965 1.72452
0.694732 1.6676
0.6965 1.62452
0.698268 1.65529
0.700036 1.63991
0.701803 1.66298
0.703571 1.6276
0.705339 1.67529
0.707107 1.61375
0.708875 1.63221
0.710642 1.59529
0.71241 1.66606
0.714178 1.60606
0.715946 1.50145
0.717713 1.59991
0.719481 1.56299
0.721249 1.60145
0.723017 1.55991
0.724784 1.60145
0.726552 1.55222
0.72832 1.63375
0.730088 1.47222
0.731856 1.48145
0.733623 1.49068
0.735391 1.50761
0.737159 1.50607
0.738927 1.52607
0.740694 1.47376
0.742462 1.5153
0.74423 1.54914
0.745998 1.43684
0.747765 1.56606
0.749533 1.4953
0.751301 1.50145
0.753069 1.47376
0.754836 1.52607
0.756604 1.38915
0.758372 1.51684
0.76014 1.403
0.761908 1.47222
0.763675 1.52914
0.765443 1.49068
0.767211 1.49222
0.768979 1.45069
0.770746 1.363
0.772514 1.30146
0.774282 1.383
0.77605 1.47068
0.777817 1.40146
0.779585 1.47376
0.781353 1.343
0.783121 1.36608
0.784889 1.31992
0.786656 1.4353
0.788424 1.31992
0.790192 1.28762
0.79196 1.38915
0.793727 1.31377
0.795495 1.33531
0.797263 1.343
0.799031 1.33838
0.800798 1.27531
0.802566 1.37838
0.804334 1.31223
0.806102 1.25377
0.807869 1.35069
0.809637 1.2507
0.811405 1.2707
0.813173 1.31839
0.814941 1.22454
0.816708 1.24147
0.818476 1.21531
0.820244 1.20916
0.822012 1.21378
0.823779 1.1184
0.825547 1.20608
0.827315 1.19532
0.829083 1.18455
0.83085 1.21531
0.832618 1.17839
0.834386 1.16147
0.836154 1.13532
0.837922 1.20608
0.839689 1.18609
0.841457 1.15839
0.843225 1.12455
0.844993 1.07994
0.84676 1.06302
0.848528 1.10609
0.850296 1.06609
0.852064 1.05532
0.853831 1.09224
0.855599 1.05225
0.857367 1.02456
0.859135 1.13532
0.860902 0.99225
0.86267 1.08917
0.864438 1.06302
0.866206 1.01994
0.867974 1.10917
0.869741 1.0184
0.871509 1.01225
0.873277 1.07686
0.875045 1.0061
0.876812 0.930716
0.87858 1.01686
0.880348 1.03686
0.882116 1.00302
0.883883 0.999942
0.885651 0.990712
0.887419 0.944561
0.889187 0.910717
0.890954 0.976867
0.892722 0.970713
0.89449 0.909178
0.896258 0.913793
0.898026 0.870719
0.899793 0.884564
0.901561 0.889179
0.903329 0.883026
0.905097 0.852259
0.906864 0.886103
0.908632 0.839952
0.9104 0.929177
0.912168 0.827645
0.913935 0.829183
0.915703 0.812261
0.917471 0.872257
0.919239 0.758418
0.921007 0.846105
0.922774 0.7938
0.924542 0.739957
0.92631 0.753803
0.928078 0.779955
0.929845 0.758418
0.931613 0.758418
0.933381 0.752264
0.935149 0.701498
0.936916 0.689191
0.938684 0.758418
0.940452 0.726112
0.94222 0.632271
0.943988 0.729189
0.945755 0.713805
0.947523 0.656885
0.949291 0.649193
0.951059 0.653808
0.952826 0.69996
0.954594 0.647655
0.956362 0.623041
0.95813 0.59535
0.959897 0.572275
0.961665 0.559968
0.963433 0.610734
0.965201 0.607657
0.966968 0.584582
0.968736 0.526123
0.970504 0.559968
0.972272 0.552276
0.97404 0.564583
0.975807 0.515355
0.977575 0.492279
0.979343 0.487664
0.981111 0.51997
0.982878 0.466127
0.984646 0.464589
0.986414 0.478434
0.988182 0.476896
0.989949 0.438436
0.991717 0.447666
0.993485 0.446128
0.995253 0.464589
0.997021 0.404592
0.998788 0.413822
1.00056 0.435359
1.00232 0.361518
1.00409 0.407669
1.00586 0.350749
1.00763 0.404592
1.00939 0.363056
1.01116 0.366133
1.01293 0.324597
1.0147 0.375363
1.01647 0.303059
1.01823 0.344596
1.02 0.303059
1.02177 0.303059
1.02354 0.313828
1.0253 0.310751
1.02707 0.318443
1.02884 0.304598
1.03061 0.306136
1.03238 0.307675
1.03414 0.263062
1.03591 0.263062
1.03768 0.309213
1.03945 0.218449
1.04121 0.2646
1.04298 0.232294
1.04475 0.283061
1.04652 0.278445
1.04829 0.227679
1.05005 0.247678
1.05182 0.203065
1.05359 0.229218
1.05536 0.243063
1.05712 0.212295
1.05889 0.206142
1.06066 0.243063
1.06243 0.206142
1.0642 0.190758
1.06596 0.196912
1.06773 0.20768
1.0695 0.172298
1.07127 0.166144
1.07303 0.204604
1.0748 0.192297
1.07657 0.184605
1.07834 0.186143
1.08011 0.178451
1.08187 0.181528
1.08364 0.163068
1.08541 0.152299
1.08718 0.176913
1.08894 0.170759
1.09071 0.143069
1.09248 0.135377
1.09425 0.178451
1.09602 0.178451
1.09778 0.158452
1.09955 0.158452
1.10132 0.144607
1.10309 0.136915
1.10485 0.116916
1.10662 0.11384
1.10839 0.12307
1.11016 0.118455
1.11193 0.150761
1.11369 0.104609
1.11546 0.115378
1.11723 0.110763
1.119 0.110763
1.12076 0.0892256
1.12253 0.104609
1.1243 0.121531
1.12607 0.107686
1.12784 0.124608
1.1296 0.115378
1.13137 0.0938407
1.13314 0.107686
1.13491 0.0923024
1.13667 0.110763
1.13844 0.090764
1.14021 0.0923024
1.14198 0.0923024
1.14375 0.0892256
1.14551 0.0799954
1.14728 0.0615349
1.14905 0.0861489
1.15082 0.0969175
1.15258 0.0861489
1.15435 0.0769186
1.15612 0.0830721
1.15789 0.0861489
1.15966 0.0692268
1.16142 0.0707651
1.16319 0.0738419
1.16496 0.0599965
1.16673 0.0738419
1.16849 0.0707651
1.17026 0.06615
1.17203 0.06615
1.1738 0.0707651
1.17557 0.0507663
1.17733 0.053843
1.1791 0.0738419
1.18087 0.0476896
1.18264 0.0753803
1.1844 0.0584582
1.18617 0.0507663
1.18794 0.053843
1.18971 0.0523047
1.19147 0.0461512
1.19324 0.0430744
1.19501 0.0415361
1.19678 0.0476896
1.19855 0.0323058
1.20031 0.0476896
1.20208 0.0369209
1.20385 0.0338442
1.20562 0.0384593
1.20738 0.024614
1.20915 0.0292291
1.21092 0.0276907
1.21269 0.0415361
1.21446 0.0292291
1.21622 0.0261523
1.21799 0.0415361
1.21976 0.0323058
1.22153 0.0199988
1.22329 0.0230756
1.22506 0.0292291
1.22683 0.024614
1.2286 0.0307675
1.23037 0.0338442
1.23213 0.0276907
1.2339 0.024614
1.23567 0.0199988
1.23744 0.0199988
1.2392 0.0261523
1.24097 0.0153837
1.24274 0.0107686
1.24451 0.0169221
1.24628 0.0215372
1.24804 0.0184605
1.24981 0.0199988
1.25158 0.0215372
1.25335 0.0276907
1.25511 0.0138454
1.25688 0.0184605
1.25865 0.012307
1.26042 0.0107686
1.26219 0.0169221
1.26395 0.00923024
1.26572 0.00307675
1.26749 0.0138454
1.26926 0.00923024
1.27102 0.0138454
1.27279 0.00615349
1.27456 0.0107686
1.27633 0.00615349
1.2781 0.00615349
1.27986 0.0184605
1.28163 0.012307
1.2834 0.00769186
1.28517 0.012307
1.28693 0.00769186
1.2887 0.00461512
1.29047 0.00615349
1.29224 0.00615349
1.29401 0.00307675
1.29577 0.00461512
1.29754 0.00615349
1.29931 0.00615349
1.30108 0.00461512
1.30284 0.012307
1.30461 0.00153837
1.30638 0.00307675
1.30815 0.00615349
1.30992 0.00461512
1.31168 0.00461512
1.31345 0.00307675
1.31522 0.00153837
1.31699 0.00153837
1.31875 0.00153837
1.32052 0
1.32229 0.00461512
1.32406 0
1.32583 0
1.32759 0.00153837
1.32936 0.00769186
1.33113 0.00461512
1.3329 0.00307675
1.33466 0.00153837
1.33643 0
1.3382 0.00153837
1.33997 0.00153837
1.34174 0.00153837
1.3435 0.00153837
1.34527 0
1.34704 0.00307675
1.34881 0.00153837
1.35057 0
1.35234 0
1.35411 0
1.35588 0
1.35765 0
1.35941 0
1.36118 0
1.36295 0
1.36472 0.00153837
1.36648 0
1.36825 0
1.37002 0
1.37179 0
1.37355 0
1.37532 0
1.37709 0
1.37886 0
1.38063 0
1.38239 0
1.38416 0
1.38593 0
1.3877 0
1.38946 0
1.39123 0
1.393 0
1.39477 0
1.39654 0
1.3983 0
1.40007 0
1.40184 0
1.40361 0
1.40537 0
1.40714 0
1.40891 0
1.41068 0
1.41245 0
