0 0
0.00176777 0
0.00353553 0
0.0053033 0
0.00707107 0
0.00883883 0
0.0106066 0
0.0123744 0
0.0141421 0
0.0159099 0
0.0176777 0
0.0194454 0
0.0212132 0
0.022981 0
0.0247487 0
0.0265165 0
0.0282843 0
0.030052 0
0.0318198 0
0.0335876 0
0.0353553 0
0.0371231 0
0.0388909 0.20768
0.0406586 0.667654
0.0424264 0.710728
0.0441942 0.732265
0.0459619 0.676884
0.0477297 0.69996
0.0494975 0.69996
0.0512652 0.724574
0.053033 0.656885
0.0548008 0.678422
0.0565685 0.6615
0.0583363 0.64304
0.0601041 0.627656
0.0618718 0.64304
0.0636396 0.579967
0.0654074 0.638425
0.0671751 0.655347
0.0689429 0.616887
0.0707107 0.64304
0.0724784 0.667654
0.0742462 0.584582
0.076014 0.630733
0.0777817 0.670731
0.0795495 0.676884
0.0813173 0.689191
0.083085 0.679961
0.0848528 0.672269
0.0866206 0.670731
0.0883883 0.744572
0.0901561 0.752264
0.0919239 0.663039
0.0936916 0.776878
0.0954594 0.77534
0.0972272 0.753803
0.0989949 0.781493
0.100763 0.836875
0.10253 0.876872
0.104298 0.750726
0.106066 0.779955
0.107834 0.809184
0.109602 0.869181
0.111369 0.826106
0.113137 0.89841
0.114905 0.856874
0.116673 0.85072
0.11844 0.924562
0.120208 0.932254
0.121976 0.886103
0.123744 0.867642
0.125511 0.946099
0.127279 0.876872
0.129047 0.944561
0.130815 1.08763
0.132583 0.969175
0.13435 1.03994
0.136118 1.03994
0.137886 0.97379
0.139654 1.05225
0.141421 1.0584
0.143189 1.08455
0.144957 1.05225
0.146725 1.06917
0.148492 1.11378
0.15026 1.10301
0.152028 1.12609
0.153796 1.08148
0.155563 1.12763
0.157331 1.13224
0.159099 1.06609
0.160867 1.15378
0.162635 1.1707
0.164402 1.14609
0.16617 1.10763
0.167938 1.17378
0.169706 1.17224
0.171473 1.18916
0.173241 1.21531
0.175009 1.15532
0.176777 1.21224
0.178544 1.23224
0.180312 1.31069
0.18208 1.21839
0.183848 1.29993
0.185616 1.17686
0.187383 1.29223
0.189151 1.31992
0.190919 1.34454
0.192687 1.29377
0.194454 1.32608
0.196222 1.32454
0.19799 1.34608
0.199758 1.36454
0.201525 1.31531
0.203293 1.39223
0.205061 1.37223
0.206829 1.35684
0.208596 1.4353
0.210364 1.37377
0.212132 1.31685
0.2139 1.31531
0.215668 1.4753
0.217435 1.39684
0.219203 1.45376
0.220971 1.44761
0.222739 1.40761
0.224506 1.53683
0.226274 1.46145
0.228042 1.54299
0.22981 1.55068
0.231577 1.49222
0.233345 1.49222
0.235113 1.49991
0.236881 1.55837
0.238649 1.56914
0.240416 1.46299
0.242184 1.55376
0.243952 1.54299
0.24572 1.53991
0.247487 1.47991
0.249255 1.54299
0.251023 1.55068
0.252791 1.52914
0.254558 1.53376
0.256326 1.55376
0.258094 1.56914
0.259862 1.59222
0.261629 1.61221
0.263397 1.6076
0.265165 1.61375
0.266933 1.59222
0.268701 1.58145
0.270468 1.66452
0.272236 1.73221
0.274004 1.62606
0.275772 1.63221
0.277539 1.71529
0.279307 1.51684
0.281075 1.6999
0.282843 1.71221
0.28461 1.77528
0.286378 1.71375
0.288146 1.7799
0.289914 1.67375
0.291682 1.67375
0.293449 1.70452
0.295217 1.76144
0.296985 1.8199
0.298753 1.61375
0.30052 1.77067
0.302288 1.73682
0.304056 1.74144
0.305824 1.74144
0.307591 1.67836
0.309359 1.81374
0.311127 1.85528
0.312895 1.78144
0.314663 1.74605
0.31643 1.75836
0.318198 1.88297
0.319966 1.87066
0.321734 1.80297
0.323501 1.73528
0.325269 1.75682
0.327037 1.74144
0.328805 1.85835
0.330572 1.7399
0.33234 1.83989
0.334108 1.80759
0.335876 1.86605
0.337643 1.75221
0.339411 1.78451
0.341179 1.9122
0.342947 1.80451
0.344715 1.87066
0.346482 1.75836
0.34825 1.88605
0.350018 1.83066
0.351786 1.85066
0.353553 1.81066
0.355321 1.92143
0.357089 1.86451
0.358857 1.88605
0.360624 1.87989
0.362392 1.79374
0.36416 2.01219
0.365928 1.86143
0.367696 1.90604
0.369463 1.94912
0.371231 1.94296
0.372999 1.86912
0.374767 1.84297
0.376534 1.95527
0.378302 1.89374
0.38007 1.86912
0.381838 1.82143
0.383605 1.91835
0.385373 1.81682
0.387141 1.76605
0.388909 1.85528
0.390676 1.90297
0.392444 1.92758
0.394212 1.92758
0.39598 1.94604
0.397748 1.95066
0.399515 1.94912
0.401283 1.82451
0.403051 1.9245
0.404819 2.0245
0.406586 1.89681
0.408354 1.94912
0.410122 1.87374
0.41189 1.81066
0.413657 1.99835
0.415425 1.99065
0.417193 1.99835
0.418961 1.98758
0.420729 1.97373
0.422496 1.87989
0.424264 1.94143
0.426032 1.99373
0.4278 1.94604
0.429567 1.95066
0.431335 2.0568
0.433103 1.93066
0.434871 1.94912
0.436638 1.98296
0.438406 1.95835
0.440174 1.94912
0.441942 1.96296
0.443709 1.95681
0.445477 1.99219
0.447245 1.92143
0.449013 1.93681
0.450781 1.95989
0.452548 2.01681
0.454316 2.03065
0.456084 1.98912
0.457852 1.99373
0.459619 1.99988
0.461387 1.93066
0.463155 1.98912
0.464923 1.98758
0.46669 1.8922
0.468458 2.06296
0.470226 1.90758
0.471994 1.93681
0.473762 1.95066
0.475529 1.91681
0.477297 1.94296
0.479065 1.90451
0.480833 2.01988
0.4826 1.94296
0.484368 1.87066
0.486136 2.03065
0.487904 1.97989
0.489671 1.98758
0.491439 2.07373
0.493207 1.99373
0.494975 1.95681
0.496742 1.9445
0.49851 1.99527
0.500278 1.92912
0.502046 1.93989
0.503814 2.00758
0.505581 1.97527
0.507349 1.90297
0.509117 1.98758
0.510885 1.90604
0.512652 1.87835
0.51442 1.97219
0.516188 1.93527
0.517956 1.95373
0.519723 1.89835
0.521491 1.9322
0.523259 1.97219
0.525027 1.9645
0.526795 2.01835
0.528562 1.90604
0.53033 1.99988
0.532098 1.95989
0.533866 2.01835
0.535633 1.93527
0.537401 1.94912
0.539169 1.93681
0.540937 1.91066
0.542704 1.81836
0.544472 1.97681
0.54624 1.91374
0.548008 1.99835
0.549775 1.85374
0.551543 1.9445
0.553311 1.94143
0.555079 1.92912
0.556847 1.83989
0.558614 1.9445
0.560382 2.02142
0.56215 1.9322
0.563918 1.93681
0.565685 1.89528
0.567453 1.93681
0.569221 1.93989
0.570989 1.91681
0.572756 1.96912
0.574524 1.95373
0.576292 1.89835
0.57806 1.96912
0.579828 1.94604
0.581595 1.93681
0.583363 1.96758
0.585131 1.86451
0.586899 1.84759
0.588666 1.95681
0.590434 1.84912
0.592202 1.91527
0.59397 1.89835
0.595737 1.88758
0.597505 1.82913
0.599273 1.86912
0.601041 1.84912
0.602809 1.93527
0.604576 1.89066
0.606344 1.87989
0.608112 1.80451
0.60988 1.80913
0.611647 1.8722
0.613415 1.76759
0.615183 1.83374
0.616951 1.88451
0.618718 1.79528
0.620486 1.79836
0.622254 1.79528
0.624022 1.83989
0.625789 1.89528
0.627557 1.86758
0.629325 1.70452
0.631093 1.84912
0.632861 1.74451
0.634628 1.76913
0.636396 1.82143
0.638164 1.7799
0.639932 1.76605
0.641699 1.78144
0.643467 1.68759
0.645235 1.82605
0.647003 1.70913
0.64877 1.82913
0.650538 1.75221
0.652306 1.67221
0.654074 1.85989
0.655842 1.81374
0.657609 1.78451
0.659377 1.75528
0.661145 1.71836
0.662913 1.72144
0.66468 1.70452
0.666448 1.7999
0.668216 1.65683
0.669984 1.69836
0.671751 1.78605
0.673519 1.71221
0.675287 1.76759
0.677055 1.67375
0.678823 1.68144
0.68059 1.65375
0.682358 1.70144
0.684126 1.62452
0.685894 1.6476
0.687661 1.66298
0.689429 1.63375
0.691197 1.63683
0.692965 1.62606
0.694732 1.69375
0.6965 1.68913
0.698268 1.57376
0.700036 1.58299
0.701803 1.60606
0.703571 1.62144
0.705339 1.62144
0.707107 1.64452
0.708875 1.68298
0.710642 1.59837
0.71241 1.54299
0.714178 1.61837
0.715946 1.62452
0.717713 1.55529
0.719481 1.58145
0.721249 1.62452
0.723017 1.60298
0.724784 1.61529
0.726552 1.55068
0.72832 1.58299
0.730088 1.59991
0.731856 1.55837
0.733623 1.49991
0.735391 1.60606
0.737159 1.52145
0.738927 1.46915
0.740694 1.55837
0.742462 1.57529
0.74423 1.53376
0.745998 1.52453
0.747765 1.47222
0.749533 1.53068
0.751301 1.54145
0.753069 1.40761
0.754836 1.55837
0.756604 1.49068
0.758372 1.47991
0.76014 1.49838
0.761908 1.42915
0.763675 1.36608
0.765443 1.383
0.767211 1.41838
0.768979 1.40761
0.770746 1.43376
0.772514 1.39377
0.774282 1.34761
0.77605 1.4553
0.777817 1.40146
0.779585 1.42761
0.781353 1.45222
0.783121 1.33377
0.784889 1.35069
0.786656 1.48299
0.788424 1.31531
0.790192 1.31531
0.79196 1.37223
0.793727 1.28916
0.795495 1.40607
0.797263 1.29993
0.799031 1.38146
0.800798 1.28762
0.802566 1.403
0.804334 1.28454
0.806102 1.37377
0.807869 1.27993
0.809637 1.2307
0.811405 1.24762
0.813173 1.283
0.814941 1.32146
0.816708 1.23224
0.818476 1.16147
0.820244 1.20608
0.822012 1.17839
0.823779 1.20455
0.825547 1.15532
0.827315 1.2307
0.829083 1.21993
0.83085 1.20455
0.832618 1.17378
0.834386 1.20916
0.836154 1.17532
0.837922 1.14301
0.839689 1.21531
0.841457 1.14455
0.843225 1.21378
0.844993 1.10763
0.84676 1.08763
0.848528 1.11686
0.850296 1.14763
0.852064 1.13686
0.853831 1.04456
0.855599 1.13532
0.857367 1.07225
0.859135 1.02302
0.860902 1.02917
0.86267 1.06917
0.864438 0.998404
0.866206 1.14916
0.867974 1.04917
0.869741 1.0784
0.871509 0.981482
0.873277 0.944561
0.875045 0.99225
0.876812 0.949176
0.87858 0.981482
0.880348 0.990712
0.882116 0.949176
0.883883 1.01379
0.885651 0.972252
0.887419 0.989174
0.889187 0.952253
0.890954 0.901486
0.892722 0.899948
0.89449 0.889179
0.896258 0.912255
0.898026 0.870719
0.899793 0.876872
0.901561 0.921485
0.903329 0.809184
0.905097 0.836875
0.906864 0.847643
0.908632 0.847643
0.9104 0.844567
0.912168 0.855335
0.913935 0.879949
0.915703 0.835336
0.917471 0.778417
0.919239 0.83226
0.921007 0.861489
0.922774 0.804569
0.924542 0.827645
0.92631 0.763033
0.928078 0.689191
0.929845 0.723035
0.931613 0.738419
0.933381 0.710728
0.935149 0.746111
0.936916 0.726112
0.938684 0.72765
0.940452 0.698421
0.94222 0.739957
0.943988 0.741496
0.945755 0.672269
0.947523 0.712267
0.949291 0.676884
0.951059 0.676884
0.952826 0.644578
0.954594 0.632271
0.956362 0.590735
0.95813 0.615349
0.959897 0.601504
0.961665 0.649193
0.963433 0.547661
0.965201 0.523047
0.966968 0.51997
0.968736 0.593812
0.970504 0.512278
0.972272 0.590735
0.97404 0.526123
0.975807 0.51074
0.977575 0.539969
0.979343 0.464589
0.981111 0.544584
0.982878 0.509201
0.984646 0.447666
0.986414 0.476896
0.988182 0.455358
0.989949 0.399977
0.991717 0.441513
0.993485 0.461512
0.995253 0.421514
0.997021 0.407669
0.998788 0.424591
1.00056 0.399977
1.00232 0.390747
1.00409 0.364594
1.00586 0.375363
1.00763 0.366133
1.00939 0.403054
1.01116 0.326135
1.01293 0.346134
1.0147 0.332289
1.01647 0.356902
1.01823 0.32152
1.02 0.344596
1.02177 0.293829
1.02354 0.275369
1.0253 0.293829
1.02707 0.272292
1.02884 0.292291
1.03061 0.275369
1.03238 0.287676
1.03414 0.304598
1.03591 0.269215
1.03768 0.272292
1.03945 0.223064
1.04121 0.270754
1.04298 0.252293
1.04475 0.250755
1.04652 0.258447
1.04829 0.196912
1.05005 0.250755
1.05182 0.247678
1.05359 0.223064
1.05536 0.244601
1.05712 0.241525
1.05889 0.199988
1.06066 0.218449
1.06243 0.227679
1.0642 0.216911
1.06596 0.216911
1.06773 0.209219
1.0695 0.190758
1.07127 0.203065
1.07303 0.212295
1.0748 0.186143
1.07657 0.17999
1.07834 0.195373
1.08011 0.19845
1.08187 0.195373
1.08364 0.167683
1.08541 0.163068
1.08718 0.126147
1.08894 0.173836
1.09071 0.164606
1.09248 0.146145
1.09425 0.163068
1.09602 0.124608
1.09778 0.153837
1.09955 0.152299
1.10132 0.143069
1.10309 0.1323
1.10485 0.144607
1.10662 0.129223
1.10839 0.1323
1.11016 0.129223
1.11193 0.136915
1.11369 0.090764
1.11546 0.0984559
1.11723 0.115378
1.119 0.106148
1.12076 0.109224
1.12253 0.0953791
1.1243 0.116916
1.12607 0.130762
1.12784 0.101533
1.1296 0.0984559
1.13137 0.110763
1.13314 0.0969175
1.13491 0.0846105
1.13667 0.0861489
1.13844 0.0861489
1.14021 0.112301
1.14198 0.090764
1.14375 0.0707651
1.14551 0.0707651
1.14728 0.0646117
1.14905 0.0953791
1.15082 0.0738419
1.15258 0.0799954
1.15435 0.0692268
1.15612 0.0830721
1.15789 0.0846105
1.15966 0.0599965
1.16142 0.0769186
1.16319 0.0830721
1.16496 0.0738419
1.16673 0.053843
1.16849 0.0769186
1.17026 0.053843
1.17203 0.0615349
1.1738 0.0692268
1.17557 0.0507663
1.17733 0.0507663
1.1791 0.0430744
1.18087 0.0584582
1.18264 0.0476896
1.1844 0.053843
1.18617 0.0446128
1.18794 0.0353826
1.18971 0.0415361
1.19147 0.0415361
1.19324 0.0476896
1.19501 0.0353826
1.19678 0.053843
1.19855 0.0430744
1.20031 0.0230756
1.20208 0.0384593
1.20385 0.0384593
1.20562 0.0461512
1.20738 0.0292291
1.20915 0.0384593
1.21092 0.0399977
1.21269 0.0338442
1.21446 0.0307675
1.21622 0.024614
1.21799 0.0323058
1.21976 0.0230756
1.22153 0.0338442
1.22329 0.0307675
1.22506 0.0261523
1.22683 0.0215372
1.2286 0.0230756
1.23037 0.0261523
1.23213 0.0199988
1.2339 0.0199988
1.23567 0.0230756
1.23744 0.024614
1.2392 0.0215372
1.24097 0.0169221
1.24274 0.0184605
1.24451 0.0199988
1.24628 0.00923024
1.24804 0.0153837
1.24981 0.0215372
1.25158 0.0138454
1.25335 0.0199988
1.25511 0.0230756
1.25688 0.00923024
1.25865 0.0215372
1.26042 0.00461512
1.26219 0.0169221
1.26395 0.00923024
1.26572 0.0107686
1.26749 0.0138454
1.26926 0.0153837
1.27102 0.0153837
1.27279 0.012307
1.27456 0.00769186
1.27633 0.0107686
1.2781 0.00769186
1.27986 0.0107686
1.28163 0.0169221
1.2834 0.00153837
1.28517 0.00461512
1.28693 0.00307675
1.2887 0.00769186
1.29047 0.00615349
1.29224 0.00769186
1.29401 0.00461512
1.29577 0.00307675
1.29754 0.00307675
1.29931 0.00307675
1.30108 0.00461512
1.30284 0.00615349
1.30461 0.00769186
1.30638 0.00615349
1.30815 0.00461512
1.30992 0.00307675
1.31168 0.00307675
1.31345 0.00153837
1.31522 0.00307675
1.31699 0.00153837
1.31875 0.00307675
1.32052 0.00461512
1.32229 0
1.32406 0.00461512
1.32583 0.00153837
1.32759 0.00307675
1.32936 0.00153837
1.33113 0.00153837
1.3329 0
1.33466 0.00307675
1.33643 0.00153837
1.3382 0.00153837
1.33997 0
1.34174 0.00153837
1.3435 0.00153837
1.34527 0.00153837
1.34704 0
1.34881 0.00153837
1.35057 0
1.35234 0.00153837
1.35411 0.00153837
1.35588 0
1.35765 0
1.35941 0
1.36118 0.00153837
1.36295 0.00153837
1.36472 0
1.36648 0
1.36825 0
1.37002 0.00153837
1.37179 0
1.37355 0.00307675
1.37532 0
1.37709 0
1.37886 0
1.38063 0
1.38239 0
1.38416 0
1.38593 0
1.3877 0
1.38946 0
1.39123 0
1.393 0
1.39477 0
1.39654 0
1.3983 0
1.40007 0
1.40184 0
1.40361 0
1.40537 0
1.40714 0
1.40891 0
1.41068 0
1.41245 0
