0 0.00461512
0.00176777 0.0199988
0.00353553 0.0399977
0.0053033 0.0461512
0.00707107 0.078457
0.00883883 0.0984559
0.0106066 0.0876872
0.0123744 0.139992
0.0141421 0.124608
0.0159099 0.170759
0.0176777 0.19845
0.0194454 0.203065
0.0212132 0.19845
0.022981 0.227679
0.0247487 0.223064
0.0265165 0.210757
0.0282843 0.212295
0.030052 0.230756
0.0318198 0.292291
0.0335876 0.292291
0.0353553 0.31229
0.0371231 0.33075
0.0388909 0.407669
0.0406586 0.561506
0.0424264 0.535354
0.0441942 0.589197
0.0459619 0.558429
0.0477297 0.572275
0.0494975 0.584582
0.0512652 0.556891
0.053033 0.547661
0.0548008 0.639963
0.0565685 0.56766
0.0583363 0.646117
0.0601041 0.624579
0.0618718 0.626118
0.0636396 0.615349
0.0654074 0.649193
0.0671751 0.647655
0.0689429 0.690729
0.0707107 0.658424
0.0724784 0.649193
0.0742462 0.667654
0.076014 0.695344
0.0777817 0.712267
0.0795495 0.686114
0.0813173 0.763033
0.083085 0.730727
0.0848528 0.759956
0.0866206 0.761495
0.0883883 0.747649
0.0901561 0.721497
0.0919239 0.763033
0.0936916 0.739957
0.0954594 0.741496
0.0972272 0.818414
0.0989949 0.813799
0.100763 0.801492
0.10253 0.835336
0.104298 0.863027
0.106066 0.838413
0.107834 0.790724
0.109602 0.819953
0.111369 0.893795
0.113137 0.866104
0.114905 0.870719
0.116673 0.856874
0.11844 0.870719
0.120208 0.976867
0.121976 0.950714
0.123744 0.996866
0.125511 0.918409
0.127279 0.944561
0.129047 0.899948
0.130815 0.96456
0.132583 0.993789
0.13435 0.999942
0.136118 1.02763
0.137886 1.00456
0.139654 1.0184
0.141421 0.952253
0.143189 1.00763
0.144957 1.11224
0.146725 1.10609
0.148492 1.09532
0.15026 1.13224
0.152028 1.10763
0.153796 1.11994
0.155563 1.13224
0.157331 1.08609
0.159099 1.15224
0.160867 1.1907
0.162635 1.14147
0.164402 1.17686
0.16617 1.1507
0.167938 1.1384
0.169706 1.32762
0.171473 1.18609
0.173241 1.17686
0.175009 1.34608
0.176777 1.24608
0.178544 1.20455
0.180312 1.26454
0.18208 1.23685
0.183848 1.31839
0.185616 1.28146
0.187383 1.27839
0.189151 1.22147
0.190919 1.28916
0.192687 1.29531
0.194454 1.31223
0.196222 1.25224
0.19799 1.323
0.199758 1.41684
0.201525 1.32146
0.203293 1.31069
0.205061 1.33992
0.206829 1.37531
0.208596 1.35377
0.210364 1.33069
0.212132 1.38146
0.2139 1.42915
0.215668 1.34146
0.217435 1.38454
0.219203 1.37223
0.220971 1.49222
0.222739 1.49068
0.224506 1.49838
0.226274 1.43069
0.228042 1.55068
0.22981 1.5153
0.231577 1.48914
0.233345 1.4553
0.235113 1.59375
0.236881 1.46453
0.238649 1.52299
0.240416 1.50145
0.242184 1.53991
0.243952 1.48914
0.24572 1.50607
0.247487 1.55837
0.249255 1.55683
0.251023 1.57991
0.252791 1.55991
0.254558 1.68759
0.256326 1.5676
0.258094 1.56606
0.259862 1.64298
0.261629 1.53991
0.263397 1.5276
0.265165 1.61991
0.266933 1.65375
0.268701 1.62452
0.270468 1.65683
0.272236 1.67067
0.274004 1.52453
0.275772 1.61221
0.277539 1.58452
0.279307 1.75836
0.281075 1.69067
0.282843 1.67221
0.28461 1.67375
0.286378 1.6999
0.288146 1.64298
0.289914 1.70298
0.291682 1.74605
0.293449 1.72298
0.295217 1.66452
0.296985 1.65837
0.298753 1.69836
0.30052 1.76913
0.302288 1.64606
0.304056 1.76298
0.305824 1.71067
0.307591 1.73836
0.309359 1.74605
0.311127 1.78451
0.312895 1.78297
0.314663 1.71682
0.31643 1.74913
0.318198 1.80759
0.319966 1.70759
0.321734 1.91835
0.323501 1.76144
0.325269 1.80759
0.327037 1.73682
0.328805 1.64144
0.330572 1.81836
0.33234 1.92143
0.334108 1.8122
0.335876 1.77374
0.337643 1.87681
0.339411 1.80297
0.341179 1.80605
0.342947 1.80605
0.344715 1.81066
0.346482 1.81682
0.34825 1.84451
0.350018 1.85682
0.351786 1.83066
0.353553 1.77682
0.355321 1.87835
0.357089 1.78144
0.358857 1.82913
0.360624 1.82605
0.362392 1.80605
0.36416 1.89066
0.365928 1.9845
0.367696 1.95527
0.369463 1.90912
0.371231 1.85528
0.372999 1.77221
0.374767 1.98912
0.376534 1.82297
0.378302 1.88297
0.38007 1.8522
0.381838 1.80143
0.383605 1.81528
0.385373 1.93989
0.387141 1.92604
0.388909 1.83682
0.390676 1.85835
0.392444 1.91527
0.394212 1.86605
0.39598 1.86758
0.397748 1.86912
0.399515 1.93066
0.401283 1.81066
0.403051 2.00142
0.404819 1.98912
0.406586 2.00296
0.408354 1.92912
0.410122 1.92758
0.41189 1.95373
0.413657 1.93835
0.415425 1.86605
0.417193 2.10757
0.418961 1.95835
0.420729 1.90604
0.422496 1.97066
0.424264 1.90143
0.426032 2.11526
0.4278 2.02911
0.429567 2.03527
0.431335 1.87681
0.433103 1.87989
0.434871 1.86912
0.436638 1.95681
0.438406 1.91066
0.440174 1.92912
0.441942 1.94143
0.443709 1.99835
0.445477 1.92912
0.447245 1.93527
0.449013 2.02142
0.450781 1.92297
0.452548 1.86143
0.454316 2.0245
0.456084 2.06603
0.457852 1.90143
0.459619 1.99681
0.461387 1.87681
0.463155 1.91681
0.464923 2.03527
0.46669 2.10911
0.468458 1.89835
0.470226 1.96143
0.471994 1.97527
0.473762 1.91066
0.475529 1.91989
0.477297 1.9245
0.479065 1.97989
0.480833 1.87066
0.4826 1.95066
0.484368 2.0245
0.486136 2.02911
0.487904 2.03527
0.489671 1.94758
0.491439 1.93066
0.493207 1.98142
0.494975 1.97989
0.496742 2.03219
0.49851 2.01988
0.500278 2.03834
0.502046 2.00142
0.503814 2.05373
0.505581 1.93066
0.507349 2.03065
0.509117 1.97681
0.510885 1.8722
0.512652 2.00911
0.51442 1.97066
0.516188 1.99527
0.517956 1.88758
0.519723 1.97066
0.521491 1.99373
0.523259 2.03219
0.525027 1.85374
0.526795 2.03373
0.528562 1.95373
0.53033 1.94296
0.532098 1.85835
0.533866 1.86912
0.535633 1.99373
0.537401 1.91835
0.539169 1.97681
0.540937 1.91681
0.542704 1.91681
0.544472 1.94296
0.54624 1.91835
0.548008 1.89374
0.549775 1.97373
0.551543 1.85682
0.553311 1.87835
0.555079 1.9322
0.556847 1.99219
0.558614 1.92604
0.560382 1.85835
0.56215 2.01219
0.563918 1.91835
0.565685 1.99835
0.567453 1.9845
0.569221 1.85682
0.570989 2.06603
0.572756 1.95681
0.574524 1.94912
0.576292 1.88758
0.57806 1.9445
0.579828 1.95835
0.581595 2.02142
0.583363 1.87374
0.585131 1.87681
0.586899 1.97066
0.588666 1.84297
0.590434 1.88758
0.592202 1.95066
0.59397 1.8199
0.595737 1.88758
0.597505 1.89989
0.599273 1.84297
0.601041 1.74451
0.602809 1.75528
0.604576 1.82451
0.606344 1.7199
0.608112 1.80297
0.60988 1.72759
0.611647 1.83528
0.613415 1.88451
0.615183 1.79528
0.616951 1.72452
0.618718 1.8922
0.620486 1.8722
0.622254 1.69836
0.624022 1.99219
0.625789 1.79836
0.627557 1.84759
0.629325 1.75374
0.631093 1.80913
0.632861 1.73375
0.634628 1.81066
0.636396 1.70452
0.638164 1.85528
0.639932 1.80913
0.641699 1.86912
0.643467 1.71375
0.645235 1.72759
0.647003 1.77221
0.64877 1.72605
0.650538 1.76451
0.652306 1.64452
0.654074 1.77067
0.655842 1.77067
0.657609 1.82297
0.659377 1.73682
0.661145 1.84605
0.662913 1.69683
0.66468 1.6799
0.666448 1.68298
0.668216 1.75528
0.669984 1.67683
0.671751 1.74759
0.673519 1.67221
0.675287 1.74605
0.677055 1.74451
0.678823 1.65683
0.68059 1.59683
0.682358 1.77067
0.684126 1.64606
0.685894 1.60606
0.687661 1.67683
0.689429 1.63375
0.691197 1.66144
0.692965 1.63221
0.694732 1.65837
0.6965 1.68606
0.698268 1.65375
0.700036 1.63683
0.701803 1.59991
0.703571 1.57376
0.705339 1.61837
0.707107 1.65221
0.708875 1.49684
0.710642 1.61991
0.71241 1.62298
0.714178 1.55529
0.715946 1.59837
0.717713 1.59068
0.719481 1.58914
0.721249 1.5676
0.723017 1.63683
0.724784 1.50761
0.726552 1.61221
0.72832 1.4953
0.730088 1.51991
0.731856 1.6076
0.733623 1.50607
0.735391 1.47991
0.737159 1.48607
0.738927 1.48914
0.740694 1.49222
0.742462 1.4753
0.74423 1.5353
0.745998 1.43069
0.747765 1.39838
0.749533 1.52299
0.751301 1.53068
0.753069 1.51991
0.754836 1.56145
0.756604 1.46145
0.758372 1.40915
0.76014 1.4553
0.761908 1.47068
0.763675 1.48761
0.765443 1.39838
0.767211 1.43223
0.768979 1.41684
0.770746 1.43684
0.772514 1.33377
0.774282 1.31069
0.77605 1.37069
0.777817 1.37377
0.779585 1.35377
0.781353 1.43684
0.783121 1.39069
0.784889 1.37377
0.786656 1.31223
0.788424 1.28146
0.790192 1.37531
0.79196 1.25685
0.793727 1.53068
0.795495 1.37223
0.797263 1.33223
0.799031 1.35838
0.800798 1.35838
0.802566 1.24916
0.804334 1.19224
0.806102 1.36454
0.807869 1.29223
0.809637 1.33377
0.811405 1.24301
0.813173 1.25685
0.814941 1.20608
0.816708 1.2707
0.818476 1.1907
0.820244 1.19224
0.822012 1.18301
0.823779 1.16301
0.825547 1.25839
0.827315 1.16301
0.829083 1.20762
0.83085 1.21378
0.832618 1.22147
0.834386 1.16762
0.836154 1.17993
0.837922 1.22916
0.839689 1.14916
0.841457 1.10917
0.843225 1.14147
0.844993 1.05686
0.84676 1.12917
0.848528 1.06609
0.850296 1.10917
0.852064 1.10763
0.853831 1.1307
0.855599 1.0184
0.857367 1.10917
0.859135 1.08609
0.860902 1.02763
0.86267 1.0584
0.864438 1.01225
0.866206 1.04609
0.867974 1.04917
0.869741 1.06917
0.871509 0.923024
0.873277 1.06148
0.875045 1.00456
0.876812 0.949176
0.87858 0.970713
0.880348 1.02302
0.882116 0.969175
0.883883 0.923024
0.885651 0.927639
0.887419 0.949176
0.889187 0.912255
0.890954 0.913793
0.892722 0.901486
0.89449 0.909178
0.896258 0.919947
0.898026 0.881488
0.899793 0.85072
0.901561 0.884564
0.903329 0.878411
0.905097 0.883026
0.906864 0.892256
0.908632 0.833798
0.9104 0.824568
0.912168 0.873796
0.913935 0.829183
0.915703 0.827645
0.917471 0.719958
0.919239 0.796877
0.921007 0.806107
0.922774 0.750726
0.924542 0.763033
0.92631 0.686114
0.928078 0.753803
0.929845 0.755341
0.931613 0.732265
0.933381 0.70919
0.935149 0.730727
0.936916 0.672269
0.938684 0.704575
0.940452 0.664577
0.94222 0.733804
0.943988 0.678422
0.945755 0.71842
0.947523 0.681499
0.949291 0.658424
0.951059 0.663039
0.952826 0.686114
0.954594 0.639963
0.956362 0.644578
0.95813 0.592274
0.959897 0.584582
0.961665 0.650732
0.963433 0.59535
0.965201 0.579967
0.966968 0.59535
0.968736 0.535354
0.970504 0.552276
0.972272 0.527662
0.97404 0.527662
0.975807 0.512278
0.977575 0.509201
0.979343 0.533815
0.981111 0.521508
0.982878 0.496894
0.984646 0.433821
0.986414 0.46305
0.988182 0.439975
0.989949 0.439975
0.991717 0.467665
0.993485 0.459973
0.995253 0.407669
0.997021 0.404592
0.998788 0.390747
1.00056 0.419976
1.00232 0.416899
1.00409 0.363056
1.00586 0.383055
1.00763 0.361518
1.00939 0.370748
1.01116 0.353826
1.01293 0.341519
1.0147 0.31229
1.01647 0.359979
1.01823 0.372286
1.02 0.349211
1.02177 0.267677
1.02354 0.309213
1.0253 0.27383
1.02707 0.290752
1.02884 0.295368
1.03061 0.316905
1.03238 0.261523
1.03414 0.276907
1.03591 0.239986
1.03768 0.272292
1.03945 0.239986
1.04121 0.243063
1.04298 0.236909
1.04475 0.238448
1.04652 0.256908
1.04829 0.224602
1.05005 0.226141
1.05182 0.243063
1.05359 0.195373
1.05536 0.212295
1.05712 0.250755
1.05889 0.230756
1.06066 0.216911
1.06243 0.213834
1.0642 0.17999
1.06596 0.203065
1.06773 0.212295
1.0695 0.187681
1.07127 0.218449
1.07303 0.193835
1.0748 0.181528
1.07657 0.159991
1.07834 0.161529
1.08011 0.176913
1.08187 0.172298
1.08364 0.130762
1.08541 0.170759
1.08718 0.152299
1.08894 0.143069
1.09071 0.150761
1.09248 0.139992
1.09425 0.163068
1.09602 0.173836
1.09778 0.109224
1.09955 0.106148
1.10132 0.119993
1.10309 0.136915
1.10485 0.110763
1.10662 0.136915
1.10839 0.124608
1.11016 0.138454
1.11193 0.106148
1.11369 0.121531
1.11546 0.116916
1.11723 0.103071
1.119 0.110763
1.12076 0.1323
1.12253 0.0999942
1.1243 0.0969175
1.12607 0.0969175
1.12784 0.0846105
1.1296 0.109224
1.13137 0.104609
1.13314 0.0876872
1.13491 0.0892256
1.13667 0.0953791
1.13844 0.0861489
1.14021 0.0861489
1.14198 0.0938407
1.14375 0.0815338
1.14551 0.0630733
1.14728 0.0923024
1.14905 0.090764
1.15082 0.0876872
1.15258 0.0599965
1.15435 0.0876872
1.15612 0.0738419
1.15789 0.0799954
1.15966 0.0523047
1.16142 0.06615
1.16319 0.0615349
1.16496 0.0584582
1.16673 0.0553814
1.16849 0.0523047
1.17026 0.06615
1.17203 0.0692268
1.1738 0.0492279
1.17557 0.0615349
1.17733 0.0584582
1.1791 0.0584582
1.18087 0.0430744
1.18264 0.0446128
1.1844 0.0461512
1.18617 0.0492279
1.18794 0.06615
1.18971 0.0369209
1.19147 0.0446128
1.19324 0.0492279
1.19501 0.0353826
1.19678 0.0399977
1.19855 0.0276907
1.20031 0.0261523
1.20208 0.0307675
1.20385 0.024614
1.20562 0.0430744
1.20738 0.0399977
1.20915 0.0292291
1.21092 0.0292291
1.21269 0.0261523
1.21446 0.0369209
1.21622 0.024614
1.21799 0.0338442
1.21976 0.0261523
1.22153 0.0230756
1.22329 0.0307675
1.22506 0.0276907
1.22683 0.0261523
1.2286 0.0307675
1.23037 0.0215372
1.23213 0.0169221
1.2339 0.0261523
1.23567 0.0199988
1.23744 0.0169221
1.2392 0.0215372
1.24097 0.0276907
1.24274 0.0215372
1.24451 0.0138454
1.24628 0.0184605
1.24804 0.012307
1.24981 0.0215372
1.25158 0.0138454
1.25335 0.0169221
1.25511 0.00769186
1.25688 0.0184605
1.25865 0.00923024
1.26042 0.0153837
1.26219 0.0153837
1.26395 0.00923024
1.26572 0.00923024
1.26749 0.0138454
1.26926 0.00615349
1.27102 0.0107686
1.27279 0.00307675
1.27456 0.00461512
1.27633 0.0107686
1.2781 0.012307
1.27986 0.0107686
1.28163 0.00769186
1.2834 0.00769186
1.28517 0.0153837
1.28693 0.00461512
1.2887 0.0138454
1.29047 0.00769186
1.29224 0.00615349
1.29401 0.00461512
1.29577 0.00153837
1.29754 0.00461512
1.29931 0.00923024
1.30108 0.00923024
1.30284 0
1.30461 0.00615349
1.30638 0.00153837
1.30815 0.00153837
1.30992 0.00923024
1.31168 0
1.31345 0.00153837
1.31522 0
1.31699 0.00307675
1.31875 0.00461512
1.32052 0
1.32229 0.00461512
1.32406 0.00615349
1.32583 0.00461512
1.32759 0.00307675
1.32936 0.00153837
1.33113 0.00153837
1.3329 0.00153837
1.33466 0.00615349
1.33643 0.00153837
1.3382 0.00307675
1.33997 0.00153837
1.34174 0.00153837
1.3435 0.00153837
1.34527 0
1.34704 0
1.34881 0
1.35057 0
1.35234 0.00307675
1.35411 0
1.35588 0
1.35765 0.00153837
1.35941 0
1.36118 0
1.36295 0.00153837
1.36472 0
1.36648 0
1.36825 0
1.37002 0
1.37179 0
1.37355 0
1.37532 0
1.37709 0
1.37886 0
1.38063 0
1.38239 0
1.38416 0
1.38593 0
1.3877 0
1.38946 0
1.39123 0
1.393 0
1.39477 0
1.39654 0
1.3983 0
1.40007 0
1.40184 0
1.40361 0
1.40537 0
1.40714 0
1.40891 0
1.41068 0
1.41245 0
