0 0.00769186
0.00176777 0.0323058
0.00353553 0.0323058
0.0053033 0.0507663
0.00707107 0.0769186
0.00883883 0.0769186
0.0106066 0.104609
0.0123744 0.106148
0.0141421 0.127685
0.0159099 0.149222
0.0176777 0.164606
0.0194454 0.169221
0.0212132 0.216911
0.022981 0.19845
0.0247487 0.204604
0.0265165 0.210757
0.0282843 0.252293
0.030052 0.247678
0.0318198 0.239986
0.0335876 0.292291
0.0353553 0.292291
0.0371231 0.37844
0.0388909 0.363056
0.0406586 0.301521
0.0424264 0.336904
0.0441942 0.379978
0.0459619 0.373825
0.0477297 0.3969
0.0494975 0.429206
0.0512652 0.393823
0.053033 0.464589
0.0548008 0.503048
0.0565685 0.467665
0.0583363 0.509201
0.0601041 0.506125
0.0618718 0.515355
0.0636396 0.547661
0.0654074 0.506125
0.0671751 0.624579
0.0689429 0.601504
0.0707107 0.56766
0.0724784 0.618426
0.0742462 0.573813
0.076014 0.675346
0.0777817 0.593812
0.0795495 0.666115
0.0813173 0.646117
0.083085 0.739957
0.0848528 0.6615
0.0866206 0.736881
0.0883883 0.735342
0.0901561 0.72765
0.0919239 0.733804
0.0936916 0.767648
0.0954594 0.796877
0.0972272 0.778417
0.0989949 0.779955
0.100763 0.759956
0.10253 0.839952
0.104298 0.879949
0.106066 0.836875
0.107834 0.804569
0.109602 0.85995
0.111369 0.836875
0.113137 0.903025
0.114905 0.953791
0.116673 0.858412
0.11844 0.919947
0.120208 0.910717
0.121976 0.947638
0.123744 0.979943
0.125511 0.932254
0.127279 0.943023
0.129047 0.978405
0.130815 0.999942
0.132583 0.956868
0.13435 1.04148
0.136118 0.996866
0.137886 0.978405
0.139654 1.03071
0.141421 0.97379
0.143189 0.990712
0.144957 1.08609
0.146725 1.12301
0.148492 1.02302
0.15026 1.09994
0.152028 1.05686
0.153796 1.11224
0.155563 1.11378
0.157331 1.21531
0.159099 1.18301
0.160867 1.1907
0.162635 1.18762
0.164402 1.15993
0.16617 1.22608
0.167938 1.23377
0.169706 1.10763
0.171473 1.27531
0.173241 1.22762
0.175009 1.22301
0.176777 1.25531
0.178544 1.29839
0.180312 1.26454
0.18208 1.33069
0.183848 1.2107
0.185616 1.33685
0.187383 1.303
0.189151 1.34608
0.190919 1.26147
0.192687 1.31685
0.194454 1.32608
0.196222 1.38454
0.19799 1.37992
0.199758 1.30762
0.201525 1.43838
0.203293 1.36608
0.205061 1.33838
0.206829 1.38761
0.208596 1.39069
0.210364 1.36761
0.212132 1.41838
0.2139 1.39684
0.215668 1.44761
0.217435 1.37531
0.219203 1.42761
0.220971 1.46145
0.222739 1.49376
0.224506 1.50299
0.226274 1.53837
0.228042 1.54145
0.22981 1.50453
0.231577 1.42299
0.233345 1.48453
0.235113 1.57068
0.236881 1.55222
0.238649 1.48761
0.240416 1.52607
0.242184 1.56914
0.243952 1.64298
0.24572 1.47222
0.247487 1.5353
0.249255 1.51837
0.251023 1.56453
0.252791 1.60606
0.254558 1.54914
0.256326 1.57529
0.258094 1.56606
0.259862 1.57376
0.261629 1.53222
0.263397 1.63375
0.265165 1.59222
0.266933 1.73067
0.268701 1.61221
0.270468 1.60914
0.272236 1.65067
0.274004 1.61221
0.275772 1.6476
0.277539 1.70606
0.279307 1.69683
0.281075 1.66298
0.282843 1.66913
0.28461 1.67683
0.286378 1.70298
0.288146 1.71836
0.289914 1.73221
0.291682 1.67529
0.293449 1.81066
0.295217 1.69067
0.296985 1.66144
0.298753 1.74451
0.30052 1.75374
0.302288 1.77374
0.304056 1.75374
0.305824 1.75836
0.307591 1.78605
0.309359 1.7922
0.311127 1.74451
0.312895 1.8122
0.314663 1.81682
0.31643 1.72759
0.318198 1.79836
0.319966 1.74759
0.321734 1.77221
0.323501 1.75221
0.325269 1.74144
0.327037 1.81374
0.328805 1.79682
0.330572 1.67221
0.33234 1.76605
0.334108 1.74759
0.335876 1.87835
0.337643 1.9445
0.339411 1.81528
0.341179 1.80297
0.342947 1.86605
0.344715 1.94296
0.346482 1.8122
0.34825 1.77528
0.350018 1.87989
0.351786 1.93681
0.353553 1.93066
0.355321 1.86143
0.357089 1.85374
0.358857 1.82143
0.360624 1.85066
0.362392 1.83528
0.36416 1.78759
0.365928 1.86605
0.367696 1.92297
0.369463 1.88605
0.371231 1.78297
0.372999 1.91527
0.374767 1.84759
0.376534 1.90297
0.378302 1.88912
0.38007 1.76759
0.381838 1.91989
0.383605 1.9122
0.385373 1.96296
0.387141 1.94604
0.388909 1.85528
0.390676 1.88451
0.392444 1.96912
0.394212 1.95527
0.39598 1.96758
0.397748 1.81374
0.399515 1.83682
0.401283 1.87066
0.403051 1.90143
0.404819 1.83989
0.406586 1.91374
0.408354 1.95527
0.410122 1.84605
0.41189 1.94296
0.413657 1.93066
0.415425 1.89374
0.417193 1.9122
0.418961 1.84759
0.420729 1.9322
0.422496 1.9445
0.424264 1.90451
0.426032 1.99988
0.4278 1.91374
0.429567 2.05527
0.431335 1.90143
0.433103 2.02911
0.434871 1.95681
0.436638 1.94758
0.438406 1.96604
0.440174 1.99681
0.441942 1.93989
0.443709 2.0645
0.445477 1.95681
0.447245 1.99988
0.449013 1.97066
0.450781 1.91527
0.452548 1.90297
0.454316 2.05834
0.456084 1.97989
0.457852 2.01527
0.459619 1.96604
0.461387 1.99835
0.463155 1.94604
0.464923 2.01527
0.46669 2.05527
0.468458 1.94143
0.470226 1.90758
0.471994 1.97219
0.473762 2.03988
0.475529 2.0445
0.477297 2.03065
0.479065 2.04142
0.480833 1.93373
0.4826 1.97219
0.484368 2.0245
0.486136 2.04911
0.487904 1.99065
0.489671 2.0045
0.491439 2.06142
0.493207 1.98142
0.494975 1.90758
0.496742 1.99835
0.49851 1.89989
0.500278 1.99065
0.502046 2.00142
0.503814 1.9522
0.505581 1.95681
0.507349 1.9522
0.509117 1.9645
0.510885 1.99835
0.512652 1.93066
0.51442 1.93989
0.516188 1.88451
0.517956 1.81528
0.519723 1.94758
0.521491 1.93989
0.523259 1.93989
0.525027 1.99219
0.526795 1.96604
0.528562 1.96604
0.53033 1.90143
0.532098 2.03065
0.533866 2.01527
0.535633 1.97681
0.537401 2.00604
0.539169 1.96758
0.540937 1.9322
0.542704 1.89528
0.544472 1.93681
0.54624 1.94912
0.548008 1.96143
0.549775 1.86451
0.551543 1.94143
0.553311 1.83682
0.555079 1.99065
0.556847 1.98296
0.558614 1.92912
0.560382 1.90143
0.56215 1.93681
0.563918 1.83528
0.565685 1.87989
0.567453 1.90758
0.569221 1.9322
0.570989 1.9245
0.572756 1.7399
0.574524 1.91374
0.576292 1.85682
0.57806 1.89066
0.579828 1.81528
0.581595 1.88912
0.583363 1.9122
0.585131 1.88143
0.586899 1.88451
0.588666 1.87374
0.590434 1.79067
0.592202 1.7999
0.59397 1.88451
0.595737 1.87066
0.597505 1.85989
0.599273 1.89681
0.601041 1.82759
0.602809 1.85682
0.604576 1.78451
0.606344 1.88451
0.608112 1.89528
0.60988 1.90451
0.611647 1.7799
0.613415 1.80759
0.615183 1.79836
0.616951 1.80297
0.618718 1.88605
0.620486 1.6999
0.622254 1.81066
0.624022 1.7399
0.625789 1.82297
0.627557 1.8199
0.629325 1.61683
0.631093 1.7999
0.632861 1.75374
0.634628 1.81682
0.636396 1.78759
0.638164 1.78913
0.639932 1.74759
0.641699 1.70298
0.643467 1.81836
0.645235 1.79528
0.647003 1.8199
0.64877 1.7999
0.650538 1.73836
0.652306 1.70298
0.654074 1.69067
0.655842 1.8199
0.657609 1.73375
0.659377 1.7999
0.661145 1.75682
0.662913 1.74759
0.66468 1.76605
0.666448 1.7799
0.668216 1.66298
0.669984 1.66452
0.671751 1.6599
0.673519 1.66606
0.675287 1.64298
0.677055 1.67221
0.678823 1.65837
0.68059 1.73221
0.682358 1.78759
0.684126 1.73528
0.685894 1.69529
0.687661 1.68144
0.689429 1.70913
0.691197 1.67529
0.692965 1.60145
0.694732 1.71529
0.6965 1.63068
0.698268 1.68913
0.700036 1.70913
0.701803 1.65221
0.703571 1.67067
0.705339 1.58606
0.707107 1.66913
0.708875 1.6276
0.710642 1.5876
0.71241 1.60606
0.714178 1.55068
0.715946 1.71067
0.717713 1.47838
0.719481 1.5276
0.721249 1.54299
0.723017 1.53376
0.724784 1.54299
0.726552 1.60452
0.72832 1.69683
0.730088 1.55683
0.731856 1.50914
0.733623 1.46145
0.735391 1.54145
0.737159 1.57991
0.738927 1.53068
0.740694 1.55991
0.742462 1.59991
0.74423 1.55222
0.745998 1.53068
0.747765 1.43069
0.749533 1.48914
0.751301 1.48761
0.753069 1.49376
0.754836 1.52914
0.756604 1.47991
0.758372 1.53991
0.76014 1.55068
0.761908 1.42915
0.763675 1.39684
0.765443 1.49068
0.767211 1.41838
0.768979 1.44607
0.770746 1.3953
0.772514 1.37377
0.774282 1.35838
0.77605 1.42761
0.777817 1.39838
0.779585 1.46299
0.781353 1.35223
0.783121 1.39684
0.784889 1.40915
0.786656 1.30608
0.788424 1.31839
0.790192 1.37223
0.79196 1.28762
0.793727 1.37684
0.795495 1.34146
0.797263 1.34761
0.799031 1.27531
0.800798 1.2707
0.802566 1.33838
0.804334 1.32608
0.806102 1.26454
0.807869 1.29685
0.809637 1.28608
0.811405 1.20301
0.813173 1.28916
0.814941 1.28454
0.816708 1.22454
0.818476 1.283
0.820244 1.21685
0.822012 1.20455
0.823779 1.21993
0.825547 1.20762
0.827315 1.18301
0.829083 1.17224
0.83085 1.16916
0.832618 1.15532
0.834386 1.21531
0.836154 1.16762
0.837922 1.18762
0.839689 1.24301
0.841457 1.1307
0.843225 1.13532
0.844993 1.04763
0.84676 1.13686
0.848528 1.07994
0.850296 1.04609
0.852064 1.11071
0.853831 1.06148
0.855599 1.04917
0.857367 1.16609
0.859135 1.05379
0.860902 1.05532
0.86267 1.09994
0.864438 1.08609
0.866206 1.03225
0.867974 1.03071
0.869741 1.0584
0.871509 1.01686
0.873277 0.986097
0.875045 1.04148
0.876812 0.987635
0.87858 1.02609
0.880348 1.0061
0.882116 0.929177
0.883883 0.929177
0.885651 0.969175
0.887419 0.91687
0.889187 0.949176
0.890954 0.896871
0.892722 0.970713
0.89449 0.967636
0.896258 0.9261
0.898026 0.883026
0.899793 0.889179
0.901561 0.869181
0.903329 0.861489
0.905097 0.923024
0.906864 0.799954
0.908632 0.823029
0.9104 0.783032
0.912168 0.809184
0.913935 0.863027
0.915703 0.767648
0.917471 0.83226
0.919239 0.799954
0.921007 0.829183
0.922774 0.741496
0.924542 0.739957
0.92631 0.764571
0.928078 0.790724
0.929845 0.750726
0.931613 0.712267
0.933381 0.692268
0.935149 0.719958
0.936916 0.670731
0.938684 0.776878
0.940452 0.667654
0.94222 0.664577
0.943988 0.666115
0.945755 0.647655
0.947523 0.687653
0.949291 0.629194
0.951059 0.678422
0.952826 0.639963
0.954594 0.578428
0.956362 0.630733
0.95813 0.578428
0.959897 0.630733
0.961665 0.621503
0.963433 0.624579
0.965201 0.547661
0.966968 0.527662
0.968736 0.563044
0.970504 0.535354
0.972272 0.549199
0.97404 0.547661
0.975807 0.499971
0.977575 0.47228
0.979343 0.492279
0.981111 0.487664
0.982878 0.50151
0.984646 0.450743
0.986414 0.527662
0.988182 0.479972
0.989949 0.478434
0.991717 0.421514
0.993485 0.409207
0.995253 0.423053
0.997021 0.44459
0.998788 0.424591
1.00056 0.359979
1.00232 0.419976
1.00409 0.369209
1.00586 0.352287
1.00763 0.361518
1.00939 0.359979
1.01116 0.356902
1.01293 0.353826
1.0147 0.344596
1.01647 0.303059
1.01823 0.324597
1.02 0.347672
1.02177 0.33075
1.02354 0.276907
1.0253 0.256908
1.02707 0.289214
1.02884 0.359979
1.03061 0.363056
1.03238 0.283061
1.03414 0.278445
1.03591 0.249216
1.03768 0.272292
1.03945 0.281522
1.04121 0.290752
1.04298 0.243063
1.04475 0.230756
1.04652 0.24614
1.04829 0.233833
1.05005 0.24614
1.05182 0.213834
1.05359 0.249216
1.05536 0.218449
1.05712 0.223064
1.05889 0.199988
1.06066 0.218449
1.06243 0.192297
1.0642 0.244601
1.06596 0.216911
1.06773 0.212295
1.0695 0.19845
1.07127 0.199988
1.07303 0.190758
1.0748 0.190758
1.07657 0.216911
1.07834 0.181528
1.08011 0.186143
1.08187 0.169221
1.08364 0.206142
1.08541 0.199988
1.08718 0.152299
1.08894 0.176913
1.09071 0.14153
1.09248 0.159991
1.09425 0.166144
1.09602 0.12307
1.09778 0.170759
1.09955 0.155376
1.10132 0.130762
1.10309 0.143069
1.10485 0.135377
1.10662 0.121531
1.10839 0.136915
1.11016 0.14153
1.11193 0.118455
1.11369 0.1323
1.11546 0.121531
1.11723 0.106148
1.119 0.106148
1.12076 0.0984559
1.12253 0.126147
1.1243 0.106148
1.12607 0.0999942
1.12784 0.12307
1.1296 0.115378
1.13137 0.115378
1.13314 0.110763
1.13491 0.090764
1.13667 0.0861489
1.13844 0.0923024
1.14021 0.0830721
1.14198 0.0507663
1.14375 0.0876872
1.14551 0.101533
1.14728 0.0923024
1.14905 0.0769186
1.15082 0.06615
1.15258 0.0707651
1.15435 0.0753803
1.15612 0.0646117
1.15789 0.0646117
1.15966 0.0646117
1.16142 0.0707651
1.16319 0.0799954
1.16496 0.0769186
1.16673 0.0799954
1.16849 0.0461512
1.17026 0.0738419
1.17203 0.0553814
1.1738 0.0584582
1.17557 0.0323058
1.17733 0.0599965
1.1791 0.0492279
1.18087 0.0599965
1.18264 0.0676884
1.1844 0.0338442
1.18617 0.0446128
1.18794 0.0646117
1.18971 0.0584582
1.19147 0.0615349
1.19324 0.0553814
1.19501 0.0523047
1.19678 0.0384593
1.19855 0.0323058
1.20031 0.0476896
1.20208 0.0384593
1.20385 0.0353826
1.20562 0.0461512
1.20738 0.0230756
1.20915 0.0153837
1.21092 0.0307675
1.21269 0.0292291
1.21446 0.0369209
1.21622 0.0276907
1.21799 0.0215372
1.21976 0.0276907
1.22153 0.0353826
1.22329 0.0153837
1.22506 0.0307675
1.22683 0.0261523
1.2286 0.0307675
1.23037 0.0276907
1.23213 0.0199988
1.2339 0.0199988
1.23567 0.0215372
1.23744 0.0138454
1.2392 0.0261523
1.24097 0.0199988
1.24274 0.0169221
1.24451 0.024614
1.24628 0.0107686
1.24804 0.0184605
1.24981 0.0184605
1.25158 0.0138454
1.25335 0.0199988
1.25511 0.0153837
1.25688 0.0169221
1.25865 0.0138454
1.26042 0.0107686
1.26219 0.012307
1.26395 0.0138454
1.26572 0.00769186
1.26749 0.012307
1.26926 0.0107686
1.27102 0.0169221
1.27279 0.00769186
1.27456 0.0138454
1.27633 0.0107686
1.2781 0.012307
1.27986 0.00461512
1.28163 0.00615349
1.2834 0.00461512
1.28517 0.0153837
1.28693 0.00307675
1.2887 0.00615349
1.29047 0.00307675
1.29224 0.00923024
1.29401 0.00307675
1.29577 0.00615349
1.29754 0.00461512
1.29931 0.00461512
1.30108 0
1.30284 0.00615349
1.30461 0.00923024
1.30638 0.00615349
1.30815 0.00923024
1.30992 0.00461512
1.31168 0.00615349
1.31345 0.00153837
1.31522 0.00615349
1.31699 0.00461512
1.31875 0.00615349
1.32052 0.00769186
1.32229 0.00153837
1.32406 0.00307675
1.32583 0.00307675
1.32759 0.00153837
1.32936 0.00153837
1.33113 0.00615349
1.3329 0.00153837
1.33466 0.00153837
1.33643 0.00153837
1.3382 0
1.33997 0.00307675
1.34174 0
1.3435 0
1.34527 0
1.34704 0.00307675
1.34881 0.00153837
1.35057 0.00153837
1.35234 0.00153837
1.35411 0.00153837
1.35588 0.00461512
1.35765 0.00153837
1.35941 0
1.36118 0
1.36295 0.00153837
1.36472 0
1.36648 0.00153837
1.36825 0
1.37002 0
1.37179 0
1.37355 0.00153837
1.37532 0
1.37709 0
1.37886 0
1.38063 0
1.38239 0
1.38416 0
1.38593 0
1.3877 0
1.38946 0
1.39123 0
1.393 0
1.39477 0
1.39654 0
1.3983 0
1.40007 0
1.40184 0
1.40361 0
1.40537 0
1.40714 0
1.40891 0
1.41068 0
1.41245 0
