0 0.00769186
0.00176777 0.0215372
0.00353553 0.0446128
0.0053033 0.0461512
0.00707107 0.0692268
0.00883883 0.0953791
0.0106066 0.12307
0.0123744 0.106148
0.0141421 0.103071
0.0159099 0.153837
0.0176777 0.161529
0.0194454 0.187681
0.0212132 0.178451
0.022981 0.196912
0.0247487 0.184605
0.0265165 0.250755
0.0282843 0.249216
0.030052 0.250755
0.0318198 0.235371
0.0335876 0.306136
0.0353553 0.286137
0.0371231 0.326135
0.0388909 0.326135
0.0406586 0.319982
0.0424264 0.369209
0.0441942 0.349211
0.0459619 0.37844
0.0477297 0.40613
0.0494975 0.436898
0.0512652 0.398439
0.053033 0.435359
0.0548008 0.476896
0.0565685 0.467665
0.0583363 0.496894
0.0601041 0.518432
0.0618718 0.493818
0.0636396 0.489203
0.0654074 0.555353
0.0671751 0.570736
0.0689429 0.541507
0.0707107 0.612272
0.0724784 0.584582
0.0742462 0.647655
0.076014 0.59535
0.0777817 0.621503
0.0795495 0.673807
0.0813173 0.650732
0.083085 0.627656
0.0848528 0.65227
0.0866206 0.676884
0.0883883 0.695344
0.0901561 0.759956
0.0919239 0.753803
0.0936916 0.681499
0.0954594 0.736881
0.0972272 0.770725
0.0989949 0.776878
0.100763 0.790724
0.10253 0.821491
0.104298 0.773802
0.106066 0.803031
0.107834 0.809184
0.109602 0.912255
0.111369 0.816876
0.113137 0.807646
0.114905 0.85995
0.116673 0.910717
0.11844 0.947638
0.120208 0.943023
0.121976 0.959945
0.123744 0.963021
0.125511 0.947638
0.127279 0.938407
0.129047 1.00917
0.130815 1.0184
0.132583 1.0384
0.13435 0.959945
0.136118 1.07071
0.137886 1.02148
0.139654 1.03994
0.141421 1.05379
0.143189 1.02917
0.144957 1.03532
0.146725 1.01225
0.148492 1.06763
0.15026 1.1307
0.152028 1.15378
0.153796 1.12763
0.155563 1.10763
0.157331 1.14763
0.159099 1.11378
0.160867 1.25531
0.162635 1.2507
0.164402 1.21531
0.16617 1.16301
0.167938 1.16916
0.169706 1.20301
0.171473 1.14763
0.173241 1.27839
0.175009 1.30916
0.176777 1.17532
0.178544 1.24301
0.180312 1.2107
0.18208 1.28608
0.183848 1.25993
0.185616 1.34454
0.187383 1.33838
0.189151 1.35377
0.190919 1.29839
0.192687 1.30916
0.194454 1.28916
0.196222 1.39069
0.19799 1.35069
0.199758 1.33223
0.201525 1.29839
0.203293 1.37684
0.205061 1.35992
0.206829 1.45069
0.208596 1.35069
0.210364 1.37377
0.212132 1.39223
0.2139 1.45376
0.215668 1.3953
0.217435 1.41992
0.219203 1.44761
0.220971 1.4753
0.222739 1.46453
0.224506 1.39992
0.226274 1.4353
0.228042 1.45684
0.22981 1.5153
0.231577 1.4753
0.233345 1.42915
0.235113 1.51991
0.236881 1.47838
0.238649 1.53837
0.240416 1.52299
0.242184 1.57529
0.243952 1.49222
0.24572 1.53991
0.247487 1.50914
0.249255 1.65529
0.251023 1.63068
0.252791 1.56453
0.254558 1.53683
0.256326 1.57529
0.258094 1.63221
0.259862 1.54606
0.261629 1.57991
0.263397 1.59068
0.265165 1.70759
0.266933 1.62144
0.268701 1.67067
0.270468 1.61375
0.272236 1.69067
0.274004 1.78297
0.275772 1.6276
0.277539 1.63683
0.279307 1.65067
0.281075 1.71375
0.282843 1.67683
0.28461 1.60606
0.286378 1.69683
0.288146 1.69375
0.289914 1.6599
0.291682 1.79528
0.293449 1.58145
0.295217 1.70759
0.296985 1.75682
0.298753 1.68452
0.30052 1.7999
0.302288 1.71836
0.304056 1.65837
0.305824 1.75682
0.307591 1.8122
0.309359 1.7922
0.311127 1.68452
0.312895 1.71529
0.314663 1.76605
0.31643 1.73375
0.318198 1.71375
0.319966 1.72144
0.321734 1.76144
0.323501 1.81836
0.325269 1.80759
0.327037 1.87066
0.328805 1.87066
0.330572 1.74298
0.33234 1.88758
0.334108 1.80913
0.335876 1.87066
0.337643 1.77528
0.339411 1.84143
0.341179 1.86758
0.342947 1.79682
0.344715 1.90297
0.346482 1.78297
0.34825 1.88605
0.350018 1.78913
0.351786 1.83682
0.353553 1.85066
0.355321 1.98142
0.357089 1.87528
0.358857 1.9122
0.360624 1.7999
0.362392 1.85835
0.36416 1.89066
0.365928 1.77374
0.367696 1.84912
0.369463 1.87989
0.371231 1.89681
0.372999 1.95835
0.374767 1.85682
0.376534 1.89066
0.378302 1.9845
0.38007 1.88605
0.381838 1.97219
0.383605 1.9122
0.385373 1.95835
0.387141 1.93066
0.388909 1.93527
0.390676 1.89066
0.392444 1.94758
0.394212 1.83836
0.39598 1.98758
0.397748 1.97989
0.399515 1.93527
0.401283 1.85374
0.403051 1.94296
0.404819 2.02296
0.406586 1.85682
0.408354 1.93066
0.410122 1.99065
0.41189 1.93681
0.413657 1.92143
0.415425 1.88758
0.417193 1.90143
0.418961 1.9645
0.420729 2.06296
0.422496 1.89681
0.424264 2.0045
0.426032 1.8722
0.4278 1.94143
0.429567 1.92297
0.431335 1.93989
0.433103 2.01681
0.434871 2.00604
0.436638 1.9445
0.438406 1.90758
0.440174 1.91835
0.441942 1.97373
0.443709 2.05988
0.445477 1.95066
0.447245 1.9245
0.449013 1.98912
0.450781 2.0445
0.452548 2.06911
0.454316 1.86451
0.456084 1.86451
0.457852 1.93527
0.459619 1.92758
0.461387 1.96758
0.463155 2.01373
0.464923 1.99835
0.46669 1.90143
0.468458 1.95066
0.470226 2.01065
0.471994 1.92758
0.473762 1.90604
0.475529 1.95066
0.477297 2.05834
0.479065 2.02911
0.480833 1.96143
0.4826 1.88758
0.484368 1.95373
0.486136 1.93989
0.487904 1.99373
0.489671 1.93989
0.491439 1.92297
0.493207 1.99065
0.494975 1.89374
0.496742 2.03219
0.49851 1.9522
0.500278 1.93373
0.502046 1.97527
0.503814 2.04296
0.505581 1.95989
0.507349 2.06142
0.509117 2.05527
0.510885 1.9522
0.512652 1.90297
0.51442 2.03065
0.516188 1.9122
0.517956 1.96758
0.519723 1.90604
0.521491 1.97681
0.523259 1.91989
0.525027 1.9322
0.526795 2.01373
0.528562 2.03219
0.53033 1.98604
0.532098 1.97681
0.533866 1.99681
0.535633 2.04604
0.537401 1.98142
0.539169 1.88605
0.540937 1.85682
0.542704 1.89989
0.544472 1.96604
0.54624 1.97066
0.548008 1.97527
0.549775 1.9245
0.551543 1.96143
0.553311 1.98604
0.555079 1.9322
0.556847 1.92297
0.558614 1.95681
0.560382 1.94143
0.56215 1.97373
0.563918 1.8522
0.565685 1.92297
0.567453 1.90451
0.569221 1.91527
0.570989 1.93373
0.572756 1.86605
0.574524 1.88912
0.576292 1.91066
0.57806 1.9122
0.579828 1.97681
0.581595 1.94758
0.583363 1.94143
0.585131 1.91681
0.586899 1.86451
0.588666 1.91374
0.590434 1.93527
0.592202 1.96143
0.59397 1.88912
0.595737 1.89374
0.597505 1.80143
0.599273 1.99527
0.601041 1.85374
0.602809 1.8199
0.604576 1.90143
0.606344 1.88143
0.608112 1.81528
0.60988 1.76451
0.611647 1.86143
0.613415 1.84912
0.615183 1.91989
0.616951 1.80297
0.618718 1.88143
0.620486 1.74913
0.622254 1.78913
0.624022 1.8199
0.625789 1.77528
0.627557 1.92758
0.629325 1.79374
0.631093 1.7599
0.632861 1.84143
0.634628 1.85374
0.636396 1.8199
0.638164 1.8122
0.639932 1.74759
0.641699 1.80913
0.643467 1.85989
0.645235 1.74451
0.647003 1.75374
0.64877 1.7599
0.650538 1.8322
0.652306 1.82913
0.654074 1.71067
0.655842 1.69221
0.657609 1.72298
0.659377 1.75374
0.661145 1.7922
0.662913 1.83682
0.66468 1.75374
0.666448 1.61221
0.668216 1.81374
0.669984 1.71836
0.671751 1.75221
0.673519 1.71067
0.675287 1.72913
0.677055 1.6476
0.678823 1.73221
0.68059 1.68144
0.682358 1.69067
0.684126 1.58452
0.685894 1.61375
0.687661 1.60452
0.689429 1.72298
0.691197 1.59375
0.692965 1.62144
0.694732 1.72605
0.6965 1.6599
0.698268 1.6276
0.700036 1.62606
0.701803 1.59529
0.703571 1.61529
0.705339 1.57991
0.707107 1.63837
0.708875 1.67529
0.710642 1.6799
0.71241 1.62298
0.714178 1.54914
0.715946 1.63991
0.717713 1.63068
0.719481 1.61068
0.721249 1.55222
0.723017 1.56606
0.724784 1.67836
0.726552 1.5476
0.72832 1.5153
0.730088 1.5153
0.731856 1.58914
0.733623 1.55529
0.735391 1.51991
0.737159 1.56606
0.738927 1.50299
0.740694 1.45069
0.742462 1.46453
0.74423 1.41684
0.745998 1.47222
0.747765 1.49222
0.749533 1.35684
0.751301 1.46299
0.753069 1.51376
0.754836 1.41069
0.756604 1.40761
0.758372 1.51376
0.76014 1.49991
0.761908 1.40607
0.763675 1.41838
0.765443 1.47684
0.767211 1.43376
0.768979 1.40146
0.770746 1.343
0.772514 1.40915
0.774282 1.40146
0.77605 1.38915
0.777817 1.35069
0.779585 1.4753
0.781353 1.37069
0.783121 1.39223
0.784889 1.32915
0.786656 1.33838
0.788424 1.34915
0.790192 1.24916
0.79196 1.2707
0.793727 1.33377
0.795495 1.323
0.797263 1.33992
0.799031 1.37992
0.800798 1.35223
0.802566 1.303
0.804334 1.25531
0.806102 1.29531
0.807869 1.29223
0.809637 1.283
0.811405 1.29993
0.813173 1.20455
0.814941 1.29223
0.816708 1.27839
0.818476 1.323
0.820244 1.19839
0.822012 1.23531
0.823779 1.29069
0.825547 1.21224
0.827315 1.22454
0.829083 1.19224
0.83085 1.23224
0.832618 1.13993
0.834386 1.14147
0.836154 1.18147
0.837922 1.17686
0.839689 1.11532
0.841457 1.15224
0.843225 1.20762
0.844993 1.07225
0.84676 1.15686
0.848528 1.10609
0.850296 1.07071
0.852064 1.16301
0.853831 1.08148
0.855599 1.1384
0.857367 1.07225
0.859135 1.06302
0.860902 0.998404
0.86267 0.963021
0.864438 1.05225
0.866206 1.06455
0.867974 1.09071
0.869741 0.978405
0.871509 0.990712
0.873277 1.00148
0.875045 0.953791
0.876812 1.05686
0.87858 0.987635
0.880348 0.953791
0.882116 0.989174
0.883883 0.933792
0.885651 0.921485
0.887419 1.00148
0.889187 0.910717
0.890954 0.910717
0.892722 0.95533
0.89449 0.913793
0.896258 0.970713
0.898026 0.924562
0.899793 0.915332
0.901561 0.890718
0.903329 0.85072
0.905097 0.895333
0.906864 0.821491
0.908632 0.786108
0.9104 0.827645
0.912168 0.836875
0.913935 0.829183
0.915703 0.763033
0.917471 0.77534
0.919239 0.730727
0.921007 0.776878
0.922774 0.786108
0.924542 0.787647
0.92631 0.729189
0.928078 0.755341
0.929845 0.739957
0.931613 0.730727
0.933381 0.741496
0.935149 0.72765
0.936916 0.683038
0.938684 0.704575
0.940452 0.687653
0.94222 0.715343
0.943988 0.703036
0.945755 0.624579
0.947523 0.659962
0.949291 0.636886
0.951059 0.607657
0.952826 0.612272
0.954594 0.669192
0.956362 0.627656
0.95813 0.558429
0.959897 0.624579
0.961665 0.623041
0.963433 0.564583
0.965201 0.616887
0.966968 0.558429
0.968736 0.5292
0.970504 0.536892
0.972272 0.581505
0.97404 0.526123
0.975807 0.504586
0.977575 0.532277
0.979343 0.51074
0.981111 0.483049
0.982878 0.504586
0.984646 0.473819
0.986414 0.466127
0.988182 0.470742
0.989949 0.418437
0.991717 0.436898
0.993485 0.427668
0.995253 0.426129
0.997021 0.438436
0.998788 0.372286
1.00056 0.376901
1.00232 0.379978
1.00409 0.389208
1.00586 0.373825
1.00763 0.366133
1.00939 0.33075
1.01116 0.353826
1.01293 0.323058
1.0147 0.338442
1.01647 0.370748
1.01823 0.358441
1.02 0.295368
1.02177 0.276907
1.02354 0.292291
1.0253 0.307675
1.02707 0.286137
1.02884 0.275369
1.03061 0.276907
1.03238 0.256908
1.03414 0.279984
1.03591 0.293829
1.03768 0.241525
1.03945 0.292291
1.04121 0.263062
1.04298 0.226141
1.04475 0.270754
1.04652 0.267677
1.04829 0.224602
1.05005 0.25537
1.05182 0.206142
1.05359 0.258447
1.05536 0.218449
1.05712 0.196912
1.05889 0.218449
1.06066 0.235371
1.06243 0.266138
1.0642 0.204604
1.06596 0.184605
1.06773 0.206142
1.0695 0.173836
1.07127 0.201527
1.07303 0.215372
1.0748 0.178451
1.07657 0.172298
1.07834 0.173836
1.08011 0.163068
1.08187 0.170759
1.08364 0.143069
1.08541 0.150761
1.08718 0.17999
1.08894 0.133838
1.09071 0.153837
1.09248 0.135377
1.09425 0.149222
1.09602 0.149222
1.09778 0.163068
1.09955 0.124608
1.10132 0.14153
1.10309 0.146145
1.10485 0.158452
1.10662 0.129223
1.10839 0.161529
1.11016 0.143069
1.11193 0.14153
1.11369 0.103071
1.11546 0.110763
1.11723 0.0892256
1.119 0.106148
1.12076 0.1323
1.12253 0.101533
1.1243 0.11384
1.12607 0.121531
1.12784 0.106148
1.1296 0.0892256
1.13137 0.118455
1.13314 0.127685
1.13491 0.090764
1.13667 0.0999942
1.13844 0.0815338
1.14021 0.101533
1.14198 0.101533
1.14375 0.06615
1.14551 0.0830721
1.14728 0.0969175
1.14905 0.0923024
1.15082 0.0753803
1.15258 0.0615349
1.15435 0.0569198
1.15612 0.0769186
1.15789 0.0461512
1.15966 0.06615
1.16142 0.0799954
1.16319 0.0738419
1.16496 0.0615349
1.16673 0.0692268
1.16849 0.0523047
1.17026 0.0646117
1.17203 0.06615
1.1738 0.0584582
1.17557 0.0553814
1.17733 0.0599965
1.1791 0.0415361
1.18087 0.053843
1.18264 0.0599965
1.1844 0.0292291
1.18617 0.0476896
1.18794 0.0476896
1.18971 0.0615349
1.19147 0.0430744
1.19324 0.0307675
1.19501 0.0523047
1.19678 0.0507663
1.19855 0.0492279
1.20031 0.053843
1.20208 0.0292291
1.20385 0.0261523
1.20562 0.0353826
1.20738 0.0353826
1.20915 0.0415361
1.21092 0.0446128
1.21269 0.0353826
1.21446 0.0307675
1.21622 0.0338442
1.21799 0.0338442
1.21976 0.0199988
1.22153 0.0292291
1.22329 0.0276907
1.22506 0.0215372
1.22683 0.0307675
1.2286 0.0184605
1.23037 0.0107686
1.23213 0.0230756
1.2339 0.0323058
1.23567 0.0307675
1.23744 0.0276907
1.2392 0.024614
1.24097 0.0153837
1.24274 0.0230756
1.24451 0.0261523
1.24628 0.00769186
1.24804 0.0138454
1.24981 0.0138454
1.25158 0.0153837
1.25335 0.012307
1.25511 0.012307
1.25688 0.012307
1.25865 0.0215372
1.26042 0.012307
1.26219 0.0199988
1.26395 0.00615349
1.26572 0.0138454
1.26749 0.00615349
1.26926 0.0153837
1.27102 0.012307
1.27279 0.0138454
1.27456 0.0230756
1.27633 0.012307
1.2781 0.00461512
1.27986 0.0107686
1.28163 0.00307675
1.2834 0.0107686
1.28517 0.00615349
1.28693 0.00153837
1.2887 0.00615349
1.29047 0.00769186
1.29224 0.00769186
1.29401 0.00923024
1.29577 0.00769186
1.29754 0.00615349
1.29931 0.00153837
1.30108 0
1.30284 0.00461512
1.30461 0.00769186
1.30638 0.00153837
1.30815 0.00769186
1.30992 0.00461512
1.31168 0.00615349
1.31345 0.00461512
1.31522 0.00769186
1.31699 0.00461512
1.31875 0.00461512
1.32052 0.00153837
1.32229 0.00461512
1.32406 0
1.32583 0.00307675
1.32759 0.00615349
1.32936 0.00153837
1.33113 0.00307675
1.3329 0
1.33466 0.00153837
1.33643 0
1.3382 0.00307675
1.33997 0.00769186
1.34174 0.00153837
1.3435 0
1.34527 0
1.34704 0.00153837
1.34881 0.00153837
1.35057 0.00153837
1.35234 0
1.35411 0.00153837
1.35588 0
1.35765 0.00153837
1.35941 0.00153837
1.36118 0
1.36295 0.00153837
1.36472 0.00153837
1.36648 0
1.36825 0
1.37002 0
1.37179 0.00153837
1.37355 0
1.37532 0.00153837
1.37709 0
1.37886 0
1.38063 0
1.38239 0
1.38416 0.00153837
1.38593 0
1.3877 0
1.38946 0
1.39123 0.00153837
1.393 0
1.39477 0
1.39654 0
1.3983 0
1.40007 0
1.40184 0
1.40361 0
1.40537 0
1.40714 0
1.40891 0
1.41068 0
1.41245 0
