0 1.95217
0.00125 1.9505
0.0025 1.95
0.00375 1.94849
0.005 1.94621
0.00625 1.94832
0.0075 1.95004
0.00875 1.9509
0.01 1.95441
0.01125 1.96043
0.0125 1.96676
0.01375 1.98681
0.015 2.00544
0.01625 1.99054
0.0175 1.97615
0.01875 1.96756
0.02 1.9582
0.02125 1.95195
0.0225 1.94714
0.02375 1.94352
0.025 1.94223
0.02625 1.93902
0.0275 1.93726
0.02875 1.93906
0.03 1.93855
0.03125 1.93918
0.0325 1.93586
0.03375 1.93317
0.035 1.93191
0.03625 1.92744
0.0375 1.92454
0.03875 1.92188
0.04 1.92179
0.04125 1.91621
0.0425 1.91481
0.04375 1.91263
0.045 1.91105
0.04625 1.90783
0.0475 1.90559
0.04875 1.90274
0.05 1.90265
0.05125 1.89675
0.0525 1.89732
0.05375 1.89411
0.055 1.89223
0.05625 1.88834
0.0575 1.88616
0.05875 1.88258
0.06 1.88105
0.06125 1.87767
0.0625 1.87504
0.06375 1.8723
0.065 1.86848
0.06625 1.86747
0.0675 1.86342
0.06875 1.86102
0.07 1.85819
0.07125 1.85537
0.0725 1.85265
0.07375 1.85201
0.075 1.8467
0.07625 1.84606
0.0775 1.84313
0.07875 1.84082
0.08 1.83817
0.08125 1.83582
0.0825 1.83364
0.08375 1.83104
0.085 1.82787
0.08625 1.82687
0.0875 1.82432
0.08875 1.82263
0.09 1.81915
0.09125 1.81845
0.0925 1.81552
0.09375 1.81248
0.095 1.81064
0.09625 1.80729
0.0975 1.80593
0.09875 1.80233
0.1 1.80132
0.10125 1.79741
0.1025 1.7948
0.10375 1.79284
0.105 1.7913
0.10625 1.78806
0.1075 1.78463
0.10875 1.78249
0.11 1.78001
0.11125 1.77753
0.1125 1.7747
0.11375 1.77254
0.115 1.76942
0.11625 1.76701
0.1175 1.76543
0.11875 1.76143
0.12 1.75905
0.12125 1.75671
0.1225 1.75336
0.12375 1.75017
0.125 1.74895
0.12625 1.74575
0.1275 1.74383
0.12875 1.7416
0.13 1.73759
0.13125 1.73777
0.1325 1.73412
0.13375 1.73214
0.135 1.72777
0.13625 1.7268
0.1375 1.7241
0.13875 1.72134
0.14 1.71979
0.14125 1.71613
0.1425 1.71446
0.14375 1.71291
0.145 1.70977
0.14625 1.70814
0.1475 1.70541
0.14875 1.70269
0.15 1.69906
0.15125 1.69737
0.1525 1.69392
0.15375 1.69257
0.155 1.69085
0.15625 1.68698
0.1575 1.68369
0.15875 1.68292
0.16 1.68048
0.16125 1.67704
0.1625 1.67519
0.16375 1.67154
0.165 1.66993
0.16625 1.66679
0.1675 1.66406
0.16875 1.66155
0.17 1.66011
0.17125 1.65607
0.1725 1.65363
0.17375 1.65155
0.175 1.64984
0.17625 1.64568
0.1775 1.6442
0.17875 1.6407
0.18 1.63809
0.18125 1.63636
0.1825 1.63387
0.18375 1.63137
0.185 1.62852
0.18625 1.6269
0.1875 1.62439
0.18875 1.6219
0.19 1.61998
0.19125 1.61756
0.1925 1.61322
0.19375 1.61204
0.195 1.60866
0.19625 1.60672
0.1975 1.60335
0.19875 1.60099
0.2 1.59908
0.20125 1.59708
0.2025 1.59476
0.20375 1.59137
0.205 1.59005
0.20625 1.58623
0.2075 1.5861
0.20875 1.58335
0.21 1.57983
0.21125 1.5779
0.2125 1.57333
0.21375 1.57081
0.215 1.56823
0.21625 1.56704
0.2175 1.5635
0.21875 1.56231
0.22 1.55889
0.22125 1.55729
0.2225 1.55431
0.22375 1.55185
0.225 1.55018
0.22625 1.5471
0.2275 1.54267
0.22875 1.54199
0.23 1.53818
0.23125 1.53594
0.2325 1.53439
0.23375 1.53156
0.235 1.52815
0.23625 1.52628
0.2375 1.52508
0.23875 1.52145
0.24 1.51912
0.24125 1.5171
0.2425 1.51517
0.24375 1.51113
0.245 1.50998
0.24625 1.50579
0.2475 1.50329
0.24875 1.5015
0.25 1.49869
0.25125 1.49668
0.2525 1.49479
0.25375 1.49112
0.255 1.48936
0.25625 1.4877
0.2575 1.48416
0.25875 1.48266
0.26 1.47899
0.26125 1.47586
0.2625 1.47355
0.26375 1.47185
0.265 1.46871
0.26625 1.46644
0.2675 1.46436
0.26875 1.46199
0.27 1.45875
0.27125 1.45729
0.2725 1.45357
0.27375 1.45262
0.275 1.4483
0.27625 1.44723
0.2775 1.44373
0.27875 1.43993
0.28 1.43899
0.28125 1.43517
0.2825 1.43384
0.28375 1.43202
0.285 1.42889
0.28625 1.42703
0.2875 1.42513
0.28875 1.42158
0.29 1.41944
0.29125 1.41579
0.2925 1.41477
0.29375 1.4105
0.295 1.40861
0.29625 1.40607
0.2975 1.40358
0.29875 1.40166
0.3 1.39807
0.30125 1.39738
0.3025 1.39447
0.30375 1.39277
0.305 1.38975
0.30625 1.38689
0.3075 1.38399
0.30875 1.38116
0.31 1.37859
0.31125 1.3767
0.3125 1.37434
0.31375 1.3717
0.315 1.36919
0.31625 1.36584
0.3175 1.36455
0.31875 1.36213
0.32 1.35863
0.32125 1.35746
0.3225 1.35341
0.32375 1.35188
0.325 1.34788
0.32625 1.34634
0.3275 1.34309
0.32875 1.34207
0.33 1.3391
0.33125 1.33667
0.3325 1.33325
0.33375 1.33052
0.335 1.32972
0.33625 1.32713
0.3375 1.32412
0.33875 1.32162
0.34 1.31873
0.34125 1.31714
0.3425 1.31359
0.34375 1.31037
0.345 1.30896
0.34625 1.30632
0.3475 1.3035
0.34875 1.30173
0.35 1.29887
0.35125 1.29728
0.3525 1.29355
0.35375 1.29127
0.355 1.28953
0.35625 1.28687
0.3575 1.28393
0.35875 1.28004
0.36 1.2795
0.36125 1.27685
0.3625 1.27442
0.36375 1.27126
0.365 1.26878
0.36625 1.26666
0.3675 1.26396
0.36875 1.2611
0.37 1.25825
0.37125 1.25613
0.3725 1.25423
0.37375 1.2515
0.375 1.24996
0.37625 1.24581
0.3775 1.24403
0.37875 1.24124
0.38 1.23915
0.38125 1.23681
0.3825 1.23367
0.38375 1.23166
0.385 1.22898
0.38625 1.22593
0.3875 1.22299
0.38875 1.22151
0.39 1.22036
0.39125 1.21663
0.3925 1.21385
0.39375 1.21064
0.395 1.20869
0.39625 1.20617
0.3975 1.20364
0.39875 1.20172
0.4 1.19883
0.40125 1.19646
0.4025 1.19411
0.40375 1.19182
0.405 1.18906
0.40625 1.18713
0.4075 1.18348
0.40875 1.18073
0.41 1.17906
0.41125 1.17662
0.4125 1.17361
0.41375 1.17228
0.415 1.1701
0.41625 1.16655
0.4175 1.16309
0.41875 1.16198
0.42 1.15976
0.42125 1.15671
0.4225 1.15359
0.42375 1.15056
0.425 1.14891
0.42625 1.14636
0.4275 1.14462
0.42875 1.1418
0.43 1.13908
0.43125 1.1369
0.4325 1.13419
0.43375 1.13169
0.435 1.12877
0.43625 1.12667
0.4375 1.12422
0.43875 1.12108
0.44 1.11914
0.44125 1.11662
0.4425 1.11387
0.44375 1.1128
0.445 1.10838
0.44625 1.10709
0.4475 1.1028
0.44875 1.10164
0.45 1.10016
0.45125 1.09576
0.4525 1.09458
0.45375 1.09025
0.455 1.08951
0.45625 1.08593
0.4575 1.08452
0.45875 1.08124
0.46 1.07954
0.46125 1.07733
0.4625 1.07416
0.46375 1.07202
0.465 1.06904
0.46625 1.06714
0.4675 1.06439
0.46875 1.06138
0.47 1.05896
0.47125 1.05644
0.4725 1.0538
0.47375 1.05234
0.475 1.04811
0.47625 1.0471
0.4775 1.04399
0.47875 1.04268
0.48 1.03927
0.48125 1.03624
0.4825 1.03428
0.48375 1.03203
0.485 1.02736
0.48625 1.02701
0.4875 1.02396
0.48875 1.02276
0.49 1.01803
0.49125 1.01634
0.4925 1.01333
0.49375 1.01253
0.495 1.00971
0.49625 1.00669
0.4975 1.00451
0.49875 1.00072
0.5 0.999716
0.50125 0.995687
0.5025 0.994706
0.50375 0.991126
0.505 0.989288
0.50625 0.986347
0.5075 0.984936
0.50875 0.982222
0.51 0.979027
0.51125 0.977332
0.5125 0.974734
0.51375 0.971328
0.515 0.969336
0.51625 0.967038
0.5175 0.963499
0.51875 0.960861
0.52 0.95884
0.52125 0.956335
0.5225 0.954485
0.52375 0.951531
0.525 0.949694
0.52625 0.946501
0.5275 0.944292
0.52875 0.941232
0.53 0.939859
0.53125 0.936151
0.5325 0.934018
0.53375 0.932265
0.535 0.929079
0.53625 0.926411
0.5375 0.924018
0.53875 0.921482
0.54 0.918694
0.54125 0.916462
0.5425 0.914785
0.54375 0.911842
0.545 0.908528
0.54625 0.906351
0.5475 0.905154
0.54875 0.902229
0.55 0.899474
0.55125 0.895916
0.5525 0.894689
0.55375 0.892182
0.555 0.888297
0.55625 0.887142
0.5575 0.88496
0.55875 0.881049
0.56 0.878926
0.56125 0.877033
0.5625 0.874381
0.56375 0.871662
0.565 0.868763
0.56625 0.867151
0.5675 0.864448
0.56875 0.861685
0.57 0.858894
0.57125 0.856729
0.5725 0.854359
0.57375 0.850741
0.575 0.849636
0.57625 0.846806
0.5775 0.844003
0.57875 0.841506
0.58 0.839474
0.58125 0.837637
0.5825 0.834137
0.58375 0.831724
0.585 0.828758
0.58625 0.826715
0.5875 0.82429
0.58875 0.821242
0.59 0.819483
0.59125 0.817265
0.5925 0.81406
0.59375 0.811954
0.595 0.808405
0.59625 0.807264
0.5975 0.804428
0.59875 0.801853
0.6 0.79957
0.60125 0.796266
0.6025 0.79494
0.60375 0.792102
0.605 0.789302
0.60625 0.787104
0.6075 0.784259
0.60875 0.781638
0.61 0.779105
0.61125 0.777355
0.6125 0.774337
0.61375 0.772082
0.615 0.769341
0.61625 0.767296
0.6175 0.764218
0.61875 0.761285
0.62 0.759261
0.62125 0.756796
0.6225 0.754228
0.62375 0.752125
0.625 0.750072
0.62625 0.747017
0.6275 0.743848
0.62875 0.741716
0.63 0.739384
0.63125 0.736812
0.6325 0.734233
0.63375 0.732151
0.635 0.729397
0.63625 0.726775
0.6375 0.724135
0.63875 0.721448
0.64 0.719582
0.64125 0.717082
0.6425 0.714364
0.64375 0.711765
0.645 0.709096
0.64625 0.707433
0.6475 0.705071
0.64875 0.701506
0.65 0.699431
0.65125 0.697438
0.6525 0.694212
0.65375 0.691871
0.655 0.689041
0.65625 0.685848
0.6575 0.684549
0.65875 0.681511
0.66 0.678711
0.66125 0.677718
0.6625 0.674831
0.66375 0.671525
0.665 0.670102
0.66625 0.667186
0.6675 0.664454
0.66875 0.661681
0.67 0.659148
0.67125 0.65703
0.6725 0.654099
0.67375 0.651759
0.675 0.649211
0.67625 0.647033
0.6775 0.64452
0.67875 0.641992
0.68 0.63968
0.68125 0.637394
0.6825 0.634537
0.68375 0.631859
0.685 0.629463
0.68625 0.626248
0.6875 0.62416
0.68875 0.621681
0.69 0.618865
0.69125 0.616421
0.6925 0.613746
0.69375 0.611442
0.695 0.609226
0.69625 0.606686
0.6975 0.604518
0.69875 0.601594
0.7 0.599315
0.70125 0.597231
0.7025 0.593937
0.70375 0.592338
0.705 0.588917
0.70625 0.58668
0.7075 0.584168
0.70875 0.581417
0.71 0.578864
0.71125 0.57657
0.7125 0.574325
0.71375 0.572047
0.715 0.569158
0.71625 0.566918
0.7175 0.564136
0.71875 0.56217
0.72 0.558947
0.72125 0.556797
0.7225 0.55457
0.72375 0.551668
0.725 0.549176
0.72625 0.546597
0.7275 0.544204
0.72875 0.541594
0.73 0.539908
0.73125 0.537254
0.7325 0.533554
0.73375 0.531852
0.735 0.529767
0.73625 0.526755
0.7375 0.524159
0.73875 0.521384
0.74 0.519223
0.74125 0.516886
0.7425 0.514538
0.74375 0.511937
0.745 0.50905
0.74625 0.506657
0.7475 0.504135
0.74875 0.502058
0.75 0.498799
0.75125 0.496872
0.7525 0.493993
0.75375 0.49121
0.755 0.489552
0.75625 0.485629
0.7575 0.484689
0.75875 0.482331
0.76 0.478807
0.76125 0.476407
0.7625 0.473967
0.76375 0.471699
0.765 0.468978
0.76625 0.467043
0.7675 0.463474
0.76875 0.461782
0.77 0.459163
0.77125 0.456432
0.7725 0.454091
0.77375 0.451361
0.775 0.449096
0.77625 0.446712
0.7775 0.443904
0.77875 0.441885
0.78 0.439468
0.78125 0.437186
0.7825 0.433739
0.78375 0.431641
0.785 0.42884
0.78625 0.426447
0.7875 0.424232
0.78875 0.421692
0.79 0.418984
0.79125 0.416661
0.7925 0.414261
0.79375 0.41177
0.795 0.40911
0.79625 0.407176
0.7975 0.404261
0.79875 0.401641
0.8 0.399146
0.80125 0.396746
0.8025 0.39418
0.80375 0.391441
0.805 0.389428
0.80625 0.386215
0.8075 0.383624
0.80875 0.381861
0.81 0.378957
0.81125 0.376063
0.8125 0.374513
0.81375 0.371691
0.815 0.368989
0.81625 0.366507
0.8175 0.363443
0.81875 0.361741
0.82 0.358892
0.82125 0.356244
0.8225 0.354533
0.82375 0.351582
0.825 0.348782
0.82625 0.346734
0.8275 0.343714
0.82875 0.341592
0.83 0.339262
0.83125 0.336307
0.8325 0.334436
0.83375 0.331833
0.835 0.328647
0.83625 0.326878
0.8375 0.323695
0.83875 0.321562
0.84 0.318843
0.84125 0.316643
0.8425 0.314407
0.84375 0.311132
0.845 0.309055
0.84625 0.306751
0.8475 0.30439
0.84875 0.301387
0.85 0.299005
0.85125 0.296718
0.8525 0.293402
0.85375 0.291399
0.855 0.288632
0.85625 0.286228
0.8575 0.284082
0.85875 0.281271
0.86 0.278638
0.86125 0.276058
0.8625 0.273797
0.86375 0.271443
0.865 0.2683
0.86625 0.266156
0.8675 0.263649
0.86875 0.261221
0.87 0.259027
0.87125 0.256286
0.8725 0.253299
0.87375 0.251299
0.875 0.248413
0.87625 0.246429
0.8775 0.243449
0.87875 0.241032
0.88 0.238417
0.88125 0.236376
0.8825 0.233984
0.88375 0.231161
0.885 0.229526
0.88625 0.226635
0.8875 0.223604
0.88875 0.221637
0.89 0.219093
0.89125 0.216447
0.8925 0.214025
0.89375 0.211123
0.895 0.208804
0.89625 0.206337
0.8975 0.204115
0.89875 0.201511
0.9 0.198983
0.90125 0.196431
0.9025 0.194
0.90375 0.192025
0.905 0.188562
0.90625 0.18624
0.9075 0.18388
0.90875 0.181511
0.91 0.178516
0.91125 0.176108
0.9125 0.173602
0.91375 0.171445
0.915 0.168885
0.91625 0.166421
0.9175 0.163131
0.91875 0.161079
0.92 0.159068
0.92125 0.156432
0.9225 0.153495
0.92375 0.151066
0.925 0.148644
0.92625 0.145935
0.9275 0.143574
0.92875 0.141208
0.93 0.138586
0.93125 0.135969
0.9325 0.133522
0.93375 0.131172
0.935 0.129056
0.93625 0.12621
0.9375 0.123949
0.93875 0.121531
0.94 0.118731
0.94125 0.116333
0.9425 0.113653
0.94375 0.11111
0.945 0.109087
0.94625 0.106122
0.9475 0.103918
0.94875 0.101165
0.95 0.0988678
0.95125 0.0961894
0.9525 0.093948
0.95375 0.091051
0.955 0.0887431
0.95625 0.0864875
0.9575 0.0837824
0.95875 0.0812162
0.96 0.0785717
0.96125 0.0763808
0.9625 0.0737693
0.96375 0.0713757
0.965 0.0690187
0.96625 0.0662812
0.9675 0.0636651
0.96875 0.0611052
0.97 0.0582507
0.97125 0.0558832
0.9725 0.0533609
0.97375 0.0507997
0.975 0.0483834
0.97625 0.0457724
0.9775 0.0434279
0.97875 0.0411969
0.98 0.0387942
0.98125 0.0362585
0.9825 0.0341887
0.98375 0.0318852
0.985 0.0288488
0.98625 0.0261228
0.9875 0.0235965
0.98875 0.0209523
0.99 0.0185528
0.99125 0.0158654
0.9925 0.0134486
0.99375 0.0109553
0.995 0.00847232
0.99625 0.00600787
0.9975 0.00365332
0.99875 0.00123577
