0 1.95319
0.00125 1.95237
0.0025 1.95104
0.00375 1.9504
0.005 1.94756
0.00625 1.9496
0.0075 1.95142
0.00875 1.95284
0.01 1.95646
0.01125 1.96216
0.0125 1.97029
0.01375 1.98968
0.015 2.00591
0.01625 1.99144
0.0175 1.97696
0.01875 1.96922
0.02 1.96028
0.02125 1.9543
0.0225 1.9491
0.02375 1.94498
0.025 1.9439
0.02625 1.94061
0.0275 1.93867
0.02875 1.93982
0.03 1.93867
0.03125 1.93993
0.0325 1.93636
0.03375 1.93269
0.035 1.93222
0.03625 1.92799
0.0375 1.92463
0.03875 1.92205
0.04 1.92253
0.04125 1.91589
0.0425 1.91376
0.04375 1.91104
0.045 1.90942
0.04625 1.90603
0.0475 1.90358
0.04875 1.90143
0.05 1.90019
0.05125 1.89475
0.0525 1.89489
0.05375 1.89159
0.055 1.89113
0.05625 1.88632
0.0575 1.88551
0.05875 1.88159
0.06 1.87908
0.06125 1.87688
0.0625 1.87463
0.06375 1.87184
0.065 1.86819
0.06625 1.86809
0.0675 1.86342
0.06875 1.86203
0.07 1.85947
0.07125 1.85662
0.0725 1.85316
0.07375 1.85289
0.075 1.84874
0.07625 1.84676
0.0775 1.8446
0.07875 1.84153
0.08 1.83852
0.08125 1.83678
0.0825 1.8342
0.08375 1.83169
0.085 1.82914
0.08625 1.82672
0.0875 1.82432
0.08875 1.82265
0.09 1.81862
0.09125 1.81836
0.0925 1.81459
0.09375 1.81175
0.095 1.80909
0.09625 1.80615
0.0975 1.80484
0.09875 1.80146
0.1 1.79909
0.10125 1.79554
0.1025 1.79373
0.10375 1.79161
0.105 1.78992
0.10625 1.78669
0.1075 1.78375
0.10875 1.78213
0.11 1.77983
0.11125 1.77597
0.1125 1.77416
0.11375 1.77171
0.115 1.76843
0.11625 1.76619
0.1175 1.76552
0.11875 1.76122
0.12 1.75923
0.12125 1.75671
0.1225 1.75386
0.12375 1.75123
0.125 1.74954
0.12625 1.74663
0.1275 1.74425
0.12875 1.74227
0.13 1.73807
0.13125 1.73789
0.1325 1.73481
0.13375 1.73213
0.135 1.72761
0.13625 1.72733
0.1375 1.72397
0.13875 1.72211
0.14 1.71967
0.14125 1.71592
0.1425 1.71417
0.14375 1.71216
0.145 1.70923
0.14625 1.70751
0.1475 1.70515
0.14875 1.7023
0.15 1.69818
0.15125 1.69677
0.1525 1.69247
0.15375 1.69204
0.155 1.69
0.15625 1.68587
0.1575 1.68306
0.15875 1.68306
0.16 1.67974
0.16125 1.67633
0.1625 1.67504
0.16375 1.67087
0.165 1.66985
0.16625 1.66636
0.1675 1.66405
0.16875 1.66121
0.17 1.65982
0.17125 1.65533
0.1725 1.65403
0.17375 1.65159
0.175 1.64925
0.17625 1.64518
0.1775 1.64481
0.17875 1.64129
0.18 1.63931
0.18125 1.63634
0.1825 1.63454
0.18375 1.63212
0.185 1.62907
0.18625 1.62653
0.1875 1.62401
0.18875 1.62158
0.19 1.62011
0.19125 1.61722
0.1925 1.61351
0.19375 1.61226
0.195 1.60836
0.19625 1.6065
0.1975 1.60273
0.19875 1.60089
0.2 1.59922
0.20125 1.59681
0.2025 1.59403
0.20375 1.59079
0.205 1.58954
0.20625 1.58604
0.2075 1.58482
0.20875 1.58256
0.21 1.5794
0.21125 1.57662
0.2125 1.57324
0.21375 1.57023
0.215 1.56771
0.21625 1.5663
0.2175 1.56363
0.21875 1.56196
0.22 1.55875
0.22125 1.55715
0.2225 1.55437
0.22375 1.55188
0.225 1.54989
0.22625 1.54638
0.2275 1.54315
0.22875 1.54152
0.23 1.53842
0.23125 1.53586
0.2325 1.53434
0.23375 1.53141
0.235 1.52803
0.23625 1.52644
0.2375 1.52425
0.23875 1.52189
0.24 1.51906
0.24125 1.51692
0.2425 1.51515
0.24375 1.51097
0.245 1.50877
0.24625 1.50547
0.2475 1.50352
0.24875 1.50145
0.25 1.49884
0.25125 1.49618
0.2525 1.49421
0.25375 1.49122
0.255 1.48934
0.25625 1.48705
0.2575 1.48303
0.25875 1.48247
0.26 1.47903
0.26125 1.47534
0.2625 1.47347
0.26375 1.47174
0.265 1.46851
0.26625 1.46723
0.2675 1.46421
0.26875 1.46182
0.27 1.45851
0.27125 1.45701
0.2725 1.4534
0.27375 1.45167
0.275 1.44833
0.27625 1.44693
0.2775 1.4436
0.27875 1.44038
0.28 1.43911
0.28125 1.4351
0.2825 1.43406
0.28375 1.43123
0.285 1.42845
0.28625 1.42667
0.2875 1.42481
0.28875 1.42173
0.29 1.41915
0.29125 1.41628
0.2925 1.41485
0.29375 1.40992
0.295 1.40843
0.29625 1.40539
0.2975 1.40308
0.29875 1.4013
0.3 1.39727
0.30125 1.39677
0.3025 1.39405
0.30375 1.39247
0.305 1.38902
0.30625 1.38678
0.3075 1.38364
0.30875 1.38084
0.31 1.37857
0.31125 1.37628
0.3125 1.37362
0.31375 1.37095
0.315 1.36843
0.31625 1.36611
0.3175 1.36398
0.31875 1.36154
0.32 1.35871
0.32125 1.35701
0.3225 1.3536
0.32375 1.35178
0.325 1.34783
0.32625 1.34621
0.3275 1.34246
0.32875 1.34198
0.33 1.33849
0.33125 1.33596
0.3325 1.33336
0.33375 1.33067
0.335 1.32907
0.33625 1.32666
0.3375 1.32352
0.33875 1.32205
0.34 1.31832
0.34125 1.31659
0.3425 1.31378
0.34375 1.3106
0.345 1.30923
0.34625 1.3064
0.3475 1.30352
0.34875 1.30097
0.35 1.29838
0.35125 1.29704
0.3525 1.29325
0.35375 1.29086
0.355 1.28836
0.35625 1.28655
0.3575 1.28341
0.35875 1.28044
0.36 1.27865
0.36125 1.27684
0.3625 1.27374
0.36375 1.2707
0.365 1.2687
0.36625 1.26678
0.3675 1.26406
0.36875 1.26139
0.37 1.25845
0.37125 1.25571
0.3725 1.25344
0.37375 1.2515
0.375 1.24965
0.37625 1.24572
0.3775 1.24398
0.37875 1.24059
0.38 1.23917
0.38125 1.23678
0.3825 1.23418
0.38375 1.23138
0.385 1.22945
0.38625 1.22571
0.3875 1.22308
0.38875 1.22209
0.39 1.21984
0.39125 1.21651
0.3925 1.21371
0.39375 1.21092
0.395 1.20886
0.39625 1.20572
0.3975 1.20351
0.39875 1.20162
0.4 1.19871
0.40125 1.19614
0.4025 1.19429
0.40375 1.19167
0.405 1.18926
0.40625 1.18695
0.4075 1.18297
0.40875 1.18063
0.41 1.17888
0.41125 1.17648
0.4125 1.17308
0.41375 1.17251
0.415 1.16984
0.41625 1.16603
0.4175 1.16326
0.41875 1.16204
0.42 1.15953
0.42125 1.1565
0.4225 1.15352
0.42375 1.15059
0.425 1.14858
0.42625 1.14679
0.4275 1.14444
0.42875 1.14104
0.43 1.13903
0.43125 1.13675
0.4325 1.13416
0.43375 1.13094
0.435 1.12885
0.43625 1.1267
0.4375 1.12424
0.43875 1.12122
0.44 1.11931
0.44125 1.11642
0.4425 1.11425
0.44375 1.11223
0.445 1.10851
0.44625 1.10629
0.4475 1.10303
0.44875 1.1014
0.45 1.10003
0.45125 1.09639
0.4525 1.09481
0.45375 1.09004
0.455 1.089
0.45625 1.08602
0.4575 1.08396
0.45875 1.08106
0.46 1.07871
0.46125 1.07664
0.4625 1.07361
0.46375 1.0713
0.465 1.06919
0.46625 1.0671
0.4675 1.06374
0.46875 1.06148
0.47 1.05951
0.47125 1.05667
0.4725 1.05348
0.47375 1.05163
0.475 1.04832
0.47625 1.04702
0.4775 1.044
0.47875 1.04273
0.48 1.039
0.48125 1.03665
0.4825 1.03331
0.48375 1.03176
0.485 1.02779
0.48625 1.02646
0.4875 1.02429
0.48875 1.02299
0.49 1.01842
0.49125 1.01603
0.4925 1.01403
0.49375 1.01229
0.495 1.00944
0.49625 1.00669
0.4975 1.00422
0.49875 1.00089
0.5 0.999299
0.50125 0.996443
0.5025 0.9943
0.50375 0.990736
0.505 0.989264
0.50625 0.985644
0.5075 0.984596
0.50875 0.981917
0.51 0.978841
0.51125 0.977599
0.5125 0.974398
0.51375 0.970914
0.515 0.969579
0.51625 0.966904
0.5175 0.964114
0.51875 0.961003
0.52 0.958949
0.52125 0.955999
0.5225 0.954302
0.52375 0.951709
0.525 0.950088
0.52625 0.946342
0.5275 0.944314
0.52875 0.941506
0.53 0.93979
0.53125 0.936383
0.5325 0.934306
0.53375 0.932526
0.535 0.929305
0.53625 0.926341
0.5375 0.924331
0.53875 0.921584
0.54 0.91903
0.54125 0.917018
0.5425 0.914329
0.54375 0.911997
0.545 0.908578
0.54625 0.906474
0.5475 0.904495
0.54875 0.902619
0.55 0.899214
0.55125 0.896237
0.5525 0.895145
0.55375 0.892412
0.555 0.888552
0.55625 0.886847
0.5575 0.884667
0.55875 0.881399
0.56 0.878904
0.56125 0.876501
0.5625 0.874242
0.56375 0.871665
0.565 0.868759
0.56625 0.867263
0.5675 0.864174
0.56875 0.86213
0.57 0.859321
0.57125 0.856857
0.5725 0.854162
0.57375 0.851205
0.575 0.850188
0.57625 0.847011
0.5775 0.844162
0.57875 0.841385
0.58 0.839823
0.58125 0.837089
0.5825 0.833966
0.58375 0.831511
0.585 0.828821
0.58625 0.826585
0.5875 0.823895
0.58875 0.821537
0.59 0.819811
0.59125 0.817678
0.5925 0.814611
0.59375 0.812231
0.595 0.808395
0.59625 0.807109
0.5975 0.804622
0.59875 0.801782
0.6 0.799207
0.60125 0.796479
0.6025 0.794542
0.60375 0.79196
0.605 0.789813
0.60625 0.786511
0.6075 0.784429
0.60875 0.781513
0.61 0.779163
0.61125 0.777693
0.6125 0.774715
0.61375 0.771551
0.615 0.769572
0.61625 0.767107
0.6175 0.76402
0.61875 0.760984
0.62 0.7592
0.62125 0.757166
0.6225 0.753566
0.62375 0.752228
0.625 0.750049
0.62625 0.746981
0.6275 0.743636
0.62875 0.741944
0.63 0.739563
0.63125 0.736867
0.6325 0.73458
0.63375 0.731796
0.635 0.729795
0.63625 0.726544
0.6375 0.724327
0.63875 0.721596
0.64 0.719481
0.64125 0.717382
0.6425 0.714596
0.64375 0.712014
0.645 0.709375
0.64625 0.707136
0.6475 0.705643
0.64875 0.701692
0.65 0.699854
0.65125 0.697768
0.6525 0.694278
0.65375 0.691917
0.655 0.689124
0.65625 0.686555
0.6575 0.685046
0.65875 0.681691
0.66 0.67869
0.66125 0.67752
0.6625 0.674776
0.66375 0.67163
0.665 0.669921
0.66625 0.66688
0.6675 0.664864
0.66875 0.662246
0.67 0.659151
0.67125 0.656894
0.6725 0.654878
0.67375 0.651758
0.675 0.649204
0.67625 0.647516
0.6775 0.645111
0.67875 0.641881
0.68 0.639201
0.68125 0.637404
0.6825 0.634752
0.68375 0.631586
0.685 0.629991
0.68625 0.626245
0.6875 0.624749
0.68875 0.621868
0.69 0.61919
0.69125 0.616952
0.6925 0.613957
0.69375 0.611393
0.695 0.609986
0.69625 0.606705
0.6975 0.604866
0.69875 0.601905
0.7 0.599695
0.70125 0.597003
0.7025 0.594367
0.70375 0.592822
0.705 0.589377
0.70625 0.587105
0.7075 0.584028
0.70875 0.581675
0.71 0.578935
0.71125 0.576674
0.7125 0.574231
0.71375 0.572583
0.715 0.569607
0.71625 0.567218
0.7175 0.564234
0.71875 0.562222
0.72 0.558776
0.72125 0.556963
0.7225 0.554923
0.72375 0.551535
0.725 0.549551
0.72625 0.546641
0.7275 0.544311
0.72875 0.541505
0.73 0.539919
0.73125 0.537164
0.7325 0.534227
0.73375 0.531757
0.735 0.529622
0.73625 0.526894
0.7375 0.523855
0.73875 0.521832
0.74 0.519718
0.74125 0.516472
0.7425 0.514622
0.74375 0.5121
0.745 0.509223
0.74625 0.506056
0.7475 0.504335
0.74875 0.502374
0.75 0.499245
0.75125 0.497191
0.7525 0.494086
0.75375 0.491184
0.755 0.489996
0.75625 0.486083
0.7575 0.484577
0.75875 0.482582
0.76 0.478772
0.76125 0.476325
0.7625 0.474052
0.76375 0.471734
0.765 0.469279
0.76625 0.467213
0.7675 0.46367
0.76875 0.461579
0.77 0.459443
0.77125 0.456775
0.7725 0.454395
0.77375 0.451443
0.775 0.449534
0.77625 0.446865
0.7775 0.444456
0.77875 0.442224
0.78 0.439591
0.78125 0.437159
0.7825 0.433924
0.78375 0.43159
0.785 0.429099
0.78625 0.426494
0.7875 0.424388
0.78875 0.421815
0.79 0.419117
0.79125 0.41663
0.7925 0.414653
0.79375 0.411607
0.795 0.409054
0.79625 0.407027
0.7975 0.404149
0.79875 0.401911
0.8 0.399357
0.80125 0.396432
0.8025 0.393886
0.80375 0.391617
0.805 0.389426
0.80625 0.386606
0.8075 0.384035
0.80875 0.381918
0.81 0.379104
0.81125 0.376354
0.8125 0.37445
0.81375 0.371684
0.815 0.369133
0.81625 0.366584
0.8175 0.363646
0.81875 0.362159
0.82 0.359137
0.82125 0.356679
0.8225 0.354658
0.82375 0.351881
0.825 0.349104
0.82625 0.346703
0.8275 0.344197
0.82875 0.341535
0.83 0.339414
0.83125 0.336171
0.8325 0.334396
0.83375 0.331904
0.835 0.328824
0.83625 0.326987
0.8375 0.323848
0.83875 0.321456
0.84 0.318966
0.84125 0.316748
0.8425 0.314204
0.84375 0.311199
0.845 0.30884
0.84625 0.306673
0.8475 0.304336
0.84875 0.301307
0.85 0.299126
0.85125 0.296631
0.8525 0.293685
0.85375 0.291425
0.855 0.288398
0.85625 0.286573
0.8575 0.284183
0.85875 0.28151
0.86 0.27924
0.86125 0.276048
0.8625 0.274448
0.86375 0.271702
0.865 0.268719
0.86625 0.266275
0.8675 0.263773
0.86875 0.261661
0.87 0.259261
0.87125 0.256787
0.8725 0.253644
0.87375 0.251629
0.875 0.248873
0.87625 0.246657
0.8775 0.243894
0.87875 0.241403
0.88 0.238714
0.88125 0.236501
0.8825 0.2341
0.88375 0.230973
0.885 0.229811
0.88625 0.226694
0.8875 0.224064
0.88875 0.221732
0.89 0.219024
0.89125 0.216368
0.8925 0.214232
0.89375 0.211281
0.895 0.20883
0.89625 0.206562
0.8975 0.204413
0.89875 0.201541
0.9 0.19898
0.90125 0.196466
0.9025 0.194079
0.90375 0.19189
0.905 0.188618
0.90625 0.186349
0.9075 0.183958
0.90875 0.181672
0.91 0.178849
0.91125 0.176435
0.9125 0.173903
0.91375 0.171756
0.915 0.168876
0.91625 0.166688
0.9175 0.163464
0.91875 0.161467
0.92 0.159337
0.92125 0.156625
0.9225 0.153887
0.92375 0.151328
0.925 0.148993
0.92625 0.146014
0.9275 0.144019
0.92875 0.141231
0.93 0.138991
0.93125 0.136267
0.9325 0.134039
0.93375 0.131531
0.935 0.129035
0.93625 0.126473
0.9375 0.124054
0.93875 0.121494
0.94 0.118847
0.94125 0.116398
0.9425 0.11355
0.94375 0.111092
0.945 0.108984
0.94625 0.106338
0.9475 0.103742
0.94875 0.101173
0.95 0.0988495
0.95125 0.0964014
0.9525 0.0941043
0.95375 0.0912193
0.955 0.0888759
0.95625 0.0864943
0.9575 0.0841363
0.95875 0.0812958
0.96 0.0787309
0.96125 0.0765222
0.9625 0.0739933
0.96375 0.0714307
0.965 0.0690593
0.96625 0.0665008
0.9675 0.0638622
0.96875 0.0612815
0.97 0.0585704
0.97125 0.0560591
0.9725 0.0536627
0.97375 0.0509069
0.975 0.0485326
0.97625 0.0460164
0.9775 0.0436845
0.97875 0.0412555
0.98 0.0388907
0.98125 0.0364841
0.9825 0.0342966
0.98375 0.0320828
0.985 0.0290327
0.98625 0.026199
0.9875 0.0237113
0.98875 0.0210444
0.99 0.018526
0.99125 0.0159443
0.9925 0.0134977
0.99375 0.0110389
0.995 0.00851726
0.99625 0.00605501
0.9975 0.00368947
0.99875 0.00124553
