0 1.94855
0.00125 1.95076
0.0025 1.95306
0.00375 1.9475
0.005 1.94849
0.00625 1.95096
0.0075 1.94669
0.00875 1.95394
0.01 1.95586
0.01125 1.96103
0.0125 1.97078
0.01375 1.98656
0.015 2.00711
0.01625 1.99077
0.0175 1.97872
0.01875 1.96843
0.02 1.95598
0.02125 1.95398
0.0225 1.9485
0.02375 1.93894
0.025 1.93582
0.02625 1.93968
0.0275 1.93578
0.02875 1.93938
0.03 1.93384
0.03125 1.94483
0.0325 1.93888
0.03375 1.93371
0.035 1.93343
0.03625 1.92778
0.0375 1.92575
0.03875 1.92061
0.04 1.91938
0.04125 1.91647
0.0425 1.91351
0.04375 1.91096
0.045 1.91093
0.04625 1.90377
0.0475 1.90877
0.04875 1.90618
0.05 1.8993
0.05125 1.90131
0.0525 1.89972
0.05375 1.89155
0.055 1.89424
0.05625 1.88663
0.0575 1.88232
0.05875 1.88129
0.06 1.88196
0.06125 1.87448
0.0625 1.87298
0.06375 1.87154
0.065 1.87145
0.06625 1.86788
0.0675 1.86481
0.06875 1.85933
0.07 1.86111
0.07125 1.85563
0.0725 1.85151
0.07375 1.84937
0.075 1.85059
0.07625 1.84199
0.0775 1.84521
0.07875 1.83917
0.08 1.83999
0.08125 1.83097
0.0825 1.83283
0.08375 1.83113
0.085 1.83161
0.08625 1.82966
0.0875 1.82627
0.08875 1.82142
0.09 1.81649
0.09125 1.8185
0.0925 1.8173
0.09375 1.81404
0.095 1.80911
0.09625 1.80571
0.0975 1.81071
0.09875 1.80154
0.1 1.79933
0.10125 1.80106
0.1025 1.79295
0.10375 1.79586
0.105 1.78891
0.10625 1.79002
0.1075 1.78667
0.10875 1.78385
0.11 1.77824
0.11125 1.77706
0.1125 1.77678
0.11375 1.77476
0.115 1.77139
0.11625 1.76759
0.1175 1.76308
0.11875 1.76199
0.12 1.75651
0.12125 1.75666
0.1225 1.7555
0.12375 1.74967
0.125 1.74843
0.12625 1.74858
0.1275 1.74859
0.12875 1.73782
0.13 1.73897
0.13125 1.736
0.1325 1.73035
0.13375 1.73429
0.135 1.73405
0.13625 1.72855
0.1375 1.72368
0.13875 1.72442
0.14 1.72
0.14125 1.71591
0.1425 1.71641
0.14375 1.71278
0.145 1.70934
0.14625 1.70704
0.1475 1.70332
0.14875 1.70159
0.15 1.70113
0.15125 1.69769
0.1525 1.69654
0.15375 1.69619
0.155 1.6933
0.15625 1.6901
0.1575 1.6872
0.15875 1.68584
0.16 1.68202
0.16125 1.67549
0.1625 1.67215
0.16375 1.67234
0.165 1.66853
0.16625 1.66414
0.1675 1.66486
0.16875 1.66276
0.17 1.66512
0.17125 1.65716
0.1725 1.65466
0.17375 1.65483
0.175 1.64831
0.17625 1.64614
0.1775 1.64667
0.17875 1.64344
0.18 1.64158
0.18125 1.63183
0.1825 1.63337
0.18375 1.63099
0.185 1.62823
0.18625 1.62837
0.1875 1.62565
0.18875 1.62518
0.19 1.62354
0.19125 1.61953
0.1925 1.61533
0.19375 1.61296
0.195 1.60991
0.19625 1.60392
0.1975 1.60428
0.19875 1.6042
0.2 1.59834
0.20125 1.59786
0.2025 1.59399
0.20375 1.59785
0.205 1.59305
0.20625 1.59026
0.2075 1.58608
0.20875 1.58433
0.21 1.58127
0.21125 1.57333
0.2125 1.5729
0.21375 1.57223
0.215 1.57064
0.21625 1.56627
0.2175 1.56353
0.21875 1.56575
0.22 1.56087
0.22125 1.56228
0.2225 1.55527
0.22375 1.55409
0.225 1.54735
0.22625 1.55001
0.2275 1.54266
0.22875 1.54499
0.23 1.53909
0.23125 1.53827
0.2325 1.53511
0.23375 1.5297
0.235 1.52689
0.23625 1.52991
0.2375 1.52608
0.23875 1.52355
0.24 1.52403
0.24125 1.51677
0.2425 1.51471
0.24375 1.50968
0.245 1.5127
0.24625 1.50642
0.2475 1.50276
0.24875 1.50214
0.25 1.50263
0.25125 1.4958
0.2525 1.49746
0.25375 1.49358
0.255 1.49069
0.25625 1.48718
0.2575 1.4828
0.25875 1.48663
0.26 1.47691
0.26125 1.4796
0.2625 1.47386
0.26375 1.47361
0.265 1.47094
0.26625 1.46349
0.2675 1.46926
0.26875 1.46211
0.27 1.45825
0.27125 1.4572
0.2725 1.45559
0.27375 1.45265
0.275 1.45062
0.27625 1.44616
0.2775 1.44503
0.27875 1.44451
0.28 1.4405
0.28125 1.43688
0.2825 1.4382
0.28375 1.43543
0.285 1.42658
0.28625 1.42881
0.2875 1.42654
0.28875 1.41743
0.29 1.42007
0.29125 1.41728
0.2925 1.41424
0.29375 1.41267
0.295 1.41167
0.29625 1.40797
0.2975 1.40568
0.29875 1.40389
0.3 1.40184
0.30125 1.39796
0.3025 1.39251
0.30375 1.39455
0.305 1.39084
0.30625 1.38799
0.3075 1.38388
0.30875 1.38195
0.31 1.38045
0.31125 1.37913
0.3125 1.37536
0.31375 1.36851
0.315 1.36918
0.31625 1.36935
0.3175 1.36305
0.31875 1.36691
0.32 1.36298
0.32125 1.36113
0.3225 1.35308
0.32375 1.35297
0.325 1.35077
0.32625 1.34883
0.3275 1.34004
0.32875 1.34091
0.33 1.33998
0.33125 1.33771
0.3325 1.33575
0.33375 1.33101
0.335 1.33122
0.33625 1.32893
0.3375 1.32674
0.33875 1.32368
0.34 1.31896
0.34125 1.31819
0.3425 1.31357
0.34375 1.31388
0.345 1.31022
0.34625 1.30602
0.3475 1.30478
0.34875 1.30597
0.35 1.29805
0.35125 1.29541
0.3525 1.29639
0.35375 1.29395
0.355 1.29194
0.35625 1.28765
0.3575 1.28627
0.35875 1.28071
0.36 1.27651
0.36125 1.27823
0.3625 1.27237
0.36375 1.27243
0.365 1.26942
0.36625 1.26868
0.3675 1.26614
0.36875 1.26157
0.37 1.26152
0.37125 1.25596
0.3725 1.25608
0.37375 1.25378
0.375 1.25312
0.37625 1.24777
0.3775 1.24685
0.37875 1.24101
0.38 1.2393
0.38125 1.2335
0.3825 1.23472
0.38375 1.23089
0.385 1.23361
0.38625 1.22858
0.3875 1.22945
0.38875 1.22271
0.39 1.21834
0.39125 1.21714
0.3925 1.21474
0.39375 1.21227
0.395 1.2136
0.39625 1.20495
0.3975 1.20425
0.39875 1.20497
0.4 1.20168
0.40125 1.19612
0.4025 1.19174
0.40375 1.19272
0.405 1.18993
0.40625 1.18636
0.4075 1.18389
0.40875 1.18207
0.41 1.17853
0.41125 1.17651
0.4125 1.17559
0.41375 1.17708
0.415 1.17129
0.41625 1.16503
0.4175 1.16721
0.41875 1.1622
0.42 1.15836
0.42125 1.15711
0.4225 1.1551
0.42375 1.15243
0.425 1.15222
0.42625 1.14907
0.4275 1.14552
0.42875 1.14108
0.43 1.1403
0.43125 1.13984
0.4325 1.13506
0.43375 1.13241
0.435 1.13121
0.43625 1.12752
0.4375 1.1244
0.43875 1.12208
0.44 1.12052
0.44125 1.11868
0.4425 1.11534
0.44375 1.11141
0.445 1.11134
0.44625 1.1085
0.4475 1.10651
0.44875 1.10025
0.45 1.09958
0.45125 1.09649
0.4525 1.09552
0.45375 1.09287
0.455 1.08727
0.45625 1.08537
0.4575 1.08537
0.45875 1.08193
0.46 1.07631
0.46125 1.07776
0.4625 1.07527
0.46375 1.07415
0.465 1.06621
0.46625 1.06743
0.4675 1.06485
0.46875 1.06019
0.47 1.05859
0.47125 1.05871
0.4725 1.0514
0.47375 1.05507
0.475 1.04914
0.47625 1.04622
0.4775 1.0416
0.47875 1.04179
0.48 1.04036
0.48125 1.03982
0.4825 1.03418
0.48375 1.03415
0.485 1.02926
0.48625 1.02825
0.4875 1.0244
0.48875 1.02121
0.49 1.02074
0.49125 1.01523
0.4925 1.01212
0.49375 1.01123
0.495 1.01229
0.49625 1.0062
0.4975 1.00369
0.49875 1.00385
0.5 0.997639
0.50125 0.996811
0.5025 0.992942
0.50375 0.992243
0.505 0.987828
0.50625 0.987056
0.5075 0.985171
0.50875 0.981389
0.51 0.977546
0.51125 0.975391
0.5125 0.97316
0.51375 0.973228
0.515 0.969429
0.51625 0.965553
0.5175 0.962706
0.51875 0.960319
0.52 0.959576
0.52125 0.956135
0.5225 0.953434
0.52375 0.951326
0.525 0.948059
0.52625 0.949336
0.5275 0.943843
0.52875 0.940757
0.53 0.938423
0.53125 0.937995
0.5325 0.931736
0.53375 0.935032
0.535 0.927361
0.53625 0.92306
0.5375 0.925127
0.53875 0.921269
0.54 0.919869
0.54125 0.91769
0.5425 0.917159
0.54375 0.909356
0.545 0.906335
0.54625 0.908043
0.5475 0.901675
0.54875 0.901948
0.55 0.899083
0.55125 0.895816
0.5525 0.891561
0.55375 0.892448
0.555 0.888062
0.55625 0.886659
0.5575 0.887114
0.55875 0.879237
0.56 0.877778
0.56125 0.874217
0.5625 0.872423
0.56375 0.866727
0.565 0.868533
0.56625 0.866627
0.5675 0.862649
0.56875 0.861625
0.57 0.85863
0.57125 0.854552
0.5725 0.853381
0.57375 0.852198
0.575 0.847201
0.57625 0.845278
0.5775 0.84258
0.57875 0.840613
0.58 0.835737
0.58125 0.835323
0.5825 0.83273
0.58375 0.82938
0.585 0.828781
0.58625 0.827675
0.5875 0.828432
0.58875 0.821316
0.59 0.817793
0.59125 0.816659
0.5925 0.811143
0.59375 0.808254
0.595 0.805248
0.59625 0.808207
0.5975 0.802975
0.59875 0.800289
0.6 0.800668
0.60125 0.795548
0.6025 0.79307
0.60375 0.790988
0.605 0.787266
0.60625 0.787427
0.6075 0.786156
0.60875 0.779257
0.61 0.777108
0.61125 0.775731
0.6125 0.773385
0.61375 0.769715
0.615 0.766207
0.61625 0.763858
0.6175 0.762135
0.61875 0.760896
0.62 0.760611
0.62125 0.75786
0.6225 0.752259
0.62375 0.752241
0.625 0.747374
0.62625 0.744191
0.6275 0.744329
0.62875 0.741493
0.63 0.736913
0.63125 0.735475
0.6325 0.732595
0.63375 0.729835
0.635 0.728511
0.63625 0.726814
0.6375 0.723919
0.63875 0.720017
0.64 0.716295
0.64125 0.716236
0.6425 0.716356
0.64375 0.708471
0.645 0.706868
0.64625 0.706011
0.6475 0.70311
0.64875 0.700861
0.65 0.696763
0.65125 0.69971
0.6525 0.693316
0.65375 0.690031
0.655 0.687524
0.65625 0.684699
0.6575 0.685903
0.65875 0.678807
0.66 0.676268
0.66125 0.676743
0.6625 0.670126
0.66375 0.671741
0.665 0.670895
0.66625 0.667281
0.6675 0.663517
0.66875 0.660464
0.67 0.656342
0.67125 0.654123
0.6725 0.654269
0.67375 0.650805
0.675 0.647737
0.67625 0.646122
0.6775 0.641311
0.67875 0.641313
0.68 0.637567
0.68125 0.636173
0.6825 0.633495
0.68375 0.630835
0.685 0.628296
0.68625 0.624297
0.6875 0.621323
0.68875 0.619345
0.69 0.617193
0.69125 0.617915
0.6925 0.611388
0.69375 0.609184
0.695 0.608823
0.69625 0.607534
0.6975 0.606336
0.69875 0.600808
0.7 0.597223
0.70125 0.594449
0.7025 0.592138
0.70375 0.589349
0.705 0.588674
0.70625 0.582356
0.7075 0.58375
0.70875 0.581032
0.71 0.5794
0.71125 0.576355
0.7125 0.574805
0.71375 0.570671
0.715 0.566969
0.71625 0.565284
0.7175 0.563602
0.71875 0.56179
0.72 0.557809
0.72125 0.553864
0.7225 0.551544
0.72375 0.54998
0.725 0.549401
0.72625 0.544093
0.7275 0.54281
0.72875 0.541336
0.73 0.540485
0.73125 0.535371
0.7325 0.534349
0.73375 0.530345
0.735 0.52664
0.73625 0.527741
0.7375 0.523243
0.73875 0.522494
0.74 0.51787
0.74125 0.515125
0.7425 0.514606
0.74375 0.512891
0.745 0.50763
0.74625 0.504471
0.7475 0.499888
0.74875 0.500983
0.75 0.498106
0.75125 0.495549
0.7525 0.492968
0.75375 0.48801
0.755 0.48907
0.75625 0.487258
0.7575 0.485241
0.75875 0.480136
0.76 0.477115
0.76125 0.475403
0.7625 0.472617
0.76375 0.469822
0.765 0.467905
0.76625 0.465636
0.7675 0.462888
0.76875 0.460498
0.77 0.45536
0.77125 0.455692
0.7725 0.451937
0.77375 0.451359
0.775 0.446512
0.77625 0.446159
0.7775 0.444741
0.77875 0.438224
0.78 0.438447
0.78125 0.435993
0.7825 0.434169
0.78375 0.430324
0.785 0.429246
0.78625 0.423897
0.7875 0.423818
0.78875 0.420741
0.79 0.4173
0.79125 0.415022
0.7925 0.413023
0.79375 0.409773
0.795 0.410636
0.79625 0.405061
0.7975 0.404661
0.79875 0.39985
0.8 0.398091
0.80125 0.392986
0.8025 0.393059
0.80375 0.391497
0.805 0.386735
0.80625 0.384345
0.8075 0.383236
0.80875 0.380294
0.81 0.3785
0.81125 0.375802
0.8125 0.372094
0.81375 0.368439
0.815 0.368659
0.81625 0.366956
0.8175 0.363093
0.81875 0.360873
0.82 0.355319
0.82125 0.356977
0.8225 0.354397
0.82375 0.349911
0.825 0.347595
0.82625 0.346285
0.8275 0.344392
0.82875 0.340992
0.83 0.338006
0.83125 0.336019
0.8325 0.332566
0.83375 0.328679
0.835 0.327079
0.83625 0.324942
0.8375 0.323685
0.83875 0.321002
0.84 0.318412
0.84125 0.316031
0.8425 0.314205
0.84375 0.313031
0.845 0.308524
0.84625 0.304573
0.8475 0.301969
0.84875 0.299086
0.85 0.2976
0.85125 0.294793
0.8525 0.291552
0.85375 0.290146
0.855 0.288035
0.85625 0.287175
0.8575 0.284568
0.85875 0.28209
0.86 0.278599
0.86125 0.275705
0.8625 0.272361
0.86375 0.26976
0.865 0.267197
0.86625 0.265092
0.8675 0.262934
0.86875 0.258765
0.87 0.258624
0.87125 0.255609
0.8725 0.253093
0.87375 0.252547
0.875 0.248563
0.87625 0.245257
0.8775 0.243516
0.87875 0.241766
0.88 0.238196
0.88125 0.236828
0.8825 0.233986
0.88375 0.228414
0.885 0.227648
0.88625 0.226864
0.8875 0.22256
0.88875 0.221101
0.89 0.219595
0.89125 0.216932
0.8925 0.213356
0.89375 0.210693
0.895 0.207009
0.89625 0.205259
0.8975 0.203289
0.89875 0.201049
0.9 0.19846
0.90125 0.196414
0.9025 0.192864
0.90375 0.19159
0.905 0.188146
0.90625 0.18494
0.9075 0.184447
0.90875 0.181866
0.91 0.178816
0.91125 0.177424
0.9125 0.173003
0.91375 0.17111
0.915 0.167466
0.91625 0.164281
0.9175 0.163931
0.91875 0.161277
0.92 0.157951
0.92125 0.15638
0.9225 0.153048
0.92375 0.151906
0.925 0.149129
0.92625 0.146883
0.9275 0.144047
0.92875 0.140045
0.93 0.138401
0.93125 0.137295
0.9325 0.133886
0.93375 0.131391
0.935 0.129371
0.93625 0.125707
0.9375 0.123496
0.93875 0.122013
0.94 0.120146
0.94125 0.116494
0.9425 0.114113
0.94375 0.110549
0.945 0.109589
0.94625 0.106034
0.9475 0.104481
0.94875 0.100547
0.95 0.0993517
0.95125 0.0972497
0.9525 0.0940467
0.95375 0.0908701
0.955 0.0894991
0.95625 0.0874997
0.9575 0.0828582
0.95875 0.0809088
0.96 0.0783605
0.96125 0.0754423
0.9625 0.0734312
0.96375 0.0704367
0.965 0.0685577
0.96625 0.0669753
0.9675 0.0642567
0.96875 0.0612064
0.97 0.0592423
0.97125 0.0559013
0.9725 0.0543982
0.97375 0.0510131
0.975 0.0487379
0.97625 0.0459048
0.9775 0.0436765
0.97875 0.0414863
0.98 0.0377842
0.98125 0.0353211
0.9825 0.0343611
0.98375 0.0314223
0.985 0.0284718
0.98625 0.0261114
0.9875 0.0237744
0.98875 0.0208327
0.99 0.0180378
0.99125 0.0159798
0.9925 0.0132964
0.99375 0.0112678
0.995 0.00872825
0.99625 0.0060126
0.9975 0.00380485
0.99875 0.00137397
