0 0
0.00176777 0
0.00353553 0
0.0053033 0
0.00707107 0
0.00883883 0
0.0106066 0
0.0123744 0
0.0141421 0.170628
0.0159099 0.280763
0.0176777 0.239951
0.0194454 0.211875
0.0212132 0.200731
0.022981 0.195955
0.0247487 0.203191
0.0265165 0.198126
0.0282843 0.226347
0.030052 0.261515
0.0318198 0.289012
0.0335876 0.301458
0.0353553 0.312746
0.0371231 0.320996
0.0388909 0.330837
0.0406586 0.35544
0.0424264 0.357176
0.0441942 0.369333
0.0459619 0.403633
0.0477297 0.397844
0.0494975 0.427222
0.0512652 0.427078
0.053033 0.439234
0.0548008 0.458193
0.0565685 0.485546
0.0583363 0.486704
0.0601041 0.512464
0.0618718 0.518398
0.0636396 0.534462
0.0654074 0.531568
0.0671751 0.565288
0.0689429 0.572814
0.0707107 0.566012
0.0724784 0.585839
0.0742462 0.594812
0.076014 0.61377
0.0777817 0.631137
0.0795495 0.643294
0.0813173 0.650241
0.083085 0.652846
0.0848528 0.669055
0.0866206 0.677014
0.0883883 0.70263
0.0901561 0.721734
0.0919239 0.7213
0.0936916 0.724628
0.0954594 0.755454
0.0972272 0.739535
0.0989949 0.767611
0.100763 0.777452
0.10253 0.807555
0.104298 0.805673
0.106066 0.812186
0.107834 0.835052
0.109602 0.836354
0.111369 0.833749
0.113137 0.878758
0.114905 0.891494
0.116673 0.88585
0.11844 0.900177
0.120208 0.902638
0.121976 0.924635
0.123744 0.922465
0.125511 0.946923
0.127279 0.9695
0.129047 0.977025
0.130815 0.987735
0.132583 0.987735
0.13435 0.994537
0.136118 1.03216
0.137886 1.01813
0.139654 1.03926
0.141421 1.03897
0.143189 1.06704
0.144957 1.04765
0.146725 1.05402
0.148492 1.09396
0.15026 1.08586
0.152028 1.11234
0.153796 1.12117
0.155563 1.11581
0.157331 1.15576
0.159099 1.14896
0.160867 1.15807
0.162635 1.16864
0.164402 1.17356
0.16617 1.16719
0.167938 1.18456
0.169706 1.17298
0.171473 1.2109
0.173241 1.22002
0.175009 1.22349
0.176777 1.22942
0.178544 1.22523
0.180312 1.25533
0.18208 1.24201
0.183848 1.27255
0.185616 1.26488
0.187383 1.31828
0.189151 1.27733
0.190919 1.31336
0.192687 1.29035
0.194454 1.32393
0.196222 1.34448
0.19799 1.36112
0.199758 1.33406
0.201525 1.34042
0.203293 1.37328
0.205061 1.3575
0.206829 1.37371
0.208596 1.3808
0.210364 1.38254
0.212132 1.39759
0.2139 1.43478
0.215668 1.42046
0.217435 1.41467
0.219203 1.45591
0.220971 1.44824
0.222739 1.43478
0.224506 1.43059
0.226274 1.48037
0.228042 1.48515
0.22981 1.47415
0.231577 1.51916
0.233345 1.48269
0.235113 1.51105
0.236881 1.49369
0.238649 1.49745
0.240416 1.53754
0.242184 1.50845
0.243952 1.52885
0.24572 1.56706
0.247487 1.54347
0.249255 1.52813
0.251023 1.54304
0.252791 1.56286
0.254558 1.57169
0.256326 1.60295
0.258094 1.60252
0.259862 1.60903
0.261629 1.59282
0.263397 1.61033
0.265165 1.59962
0.266933 1.59919
0.268701 1.6196
0.270468 1.62061
0.272236 1.64261
0.274004 1.64478
0.275772 1.6374
0.277539 1.63031
0.279307 1.64999
0.281075 1.63088
0.282843 1.67199
0.28461 1.70469
0.286378 1.67864
0.288146 1.68067
0.289914 1.70021
0.291682 1.6908
0.293449 1.68241
0.295217 1.70657
0.296985 1.72886
0.298753 1.72437
0.30052 1.73697
0.302288 1.75346
0.304056 1.74927
0.305824 1.74058
0.307591 1.74825
0.309359 1.73393
0.311127 1.73711
0.312895 1.77025
0.314663 1.75535
0.31643 1.77213
0.318198 1.77763
0.319966 1.78415
0.321734 1.7539
0.323501 1.77445
0.325269 1.76403
0.327037 1.79022
0.328805 1.78646
0.330572 1.8196
0.33234 1.83089
0.334108 1.79326
0.335876 1.7976
0.337643 1.82612
0.339411 1.80585
0.341179 1.84956
0.342947 1.83205
0.344715 1.81526
0.346482 1.82192
0.34825 1.82612
0.350018 1.85303
0.351786 1.87431
0.353553 1.83104
0.355321 1.85332
0.357089 1.83451
0.358857 1.86635
0.360624 1.85607
0.362392 1.85607
0.36416 1.86664
0.365928 1.86968
0.367696 1.87416
0.369463 1.87301
0.371231 1.88936
0.372999 1.88357
0.374767 1.87301
0.376534 1.87228
0.378302 1.92496
0.38007 1.89819
0.381838 1.89891
0.383605 1.92786
0.385373 1.89471
0.387141 1.92771
0.388909 1.91526
0.390676 1.91266
0.392444 1.90875
0.394212 1.8814
0.39598 1.90745
0.397748 1.94146
0.399515 1.94493
0.401283 1.93466
0.403051 1.95492
0.404819 1.92062
0.406586 1.91874
0.408354 1.93061
0.410122 1.93118
0.41189 1.91686
0.413657 1.92236
0.415425 1.96635
0.417193 1.93654
0.418961 1.91729
0.420729 1.94797
0.422496 1.93061
0.424264 1.92366
0.426032 1.92496
0.4278 1.94768
0.429567 1.94754
0.431335 1.9568
0.433103 1.97214
0.434871 1.9432
0.436638 1.96027
0.438406 1.94479
0.440174 1.98256
0.441942 1.96476
0.443709 1.96389
0.445477 1.94681
0.447245 1.97967
0.449013 1.98184
0.450781 1.96418
0.452548 1.93393
0.454316 1.96114
0.456084 1.97286
0.457852 2.00543
0.459619 1.9704
0.461387 1.96852
0.463155 1.94681
0.464923 1.96331
0.46669 1.96635
0.468458 1.95405
0.470226 1.96129
0.471994 1.94305
0.473762 1.99226
0.475529 1.96606
0.477297 1.9898
0.479065 1.96404
0.480833 1.96621
0.4826 1.96939
0.484368 1.95391
0.486136 1.96071
0.487904 1.96129
0.489671 1.95825
0.491439 2.00166
0.493207 1.97619
0.494975 1.98502
0.496742 1.95463
0.49851 1.96809
0.500278 1.96375
0.502046 1.9487
0.503814 1.93596
0.505581 1.94855
0.507349 1.96346
0.509117 1.9775
0.510885 1.98603
0.512652 1.95868
0.51442 1.9636
0.516188 1.96129
0.517956 1.9416
0.519723 1.95231
0.521491 1.93929
0.523259 1.96129
0.525027 1.91237
0.526795 1.92959
0.528562 1.92511
0.53033 1.95275
0.532098 1.93799
0.533866 1.95506
0.535633 1.92554
0.537401 1.95391
0.539169 1.95868
0.540937 1.92322
0.542704 1.94218
0.544472 1.94363
0.54624 1.89978
0.548008 1.94175
0.549775 1.92713
0.551543 1.9377
0.553311 1.92713
0.555079 1.90542
0.556847 1.93857
0.558614 1.91425
0.560382 1.91888
0.56215 1.92134
0.563918 1.91671
0.565685 1.90832
0.567453 1.89066
0.569221 1.92626
0.570989 1.87691
0.572756 1.88762
0.574524 1.8924
0.576292 1.90152
0.57806 1.9034
0.579828 1.9034
0.581595 1.90369
0.583363 1.85969
0.585131 1.87966
0.586899 1.89891
0.588666 1.88097
0.590434 1.88473
0.592202 1.86056
0.59397 1.84059
0.595737 1.87301
0.597505 1.87329
0.599273 1.84478
0.601041 1.87865
0.602809 1.87474
0.604576 1.87098
0.606344 1.84305
0.608112 1.83263
0.60988 1.84363
0.611647 1.83494
0.613415 1.84102
0.615183 1.8662
0.616951 1.82887
0.618718 1.81092
0.620486 1.84971
0.622254 1.83422
0.624022 1.80238
0.625789 1.8403
0.627557 1.82872
0.629325 1.82467
0.631093 1.7908
0.632861 1.76837
0.634628 1.83581
0.636396 1.76779
0.638164 1.79384
0.639932 1.77619
0.641699 1.78111
0.643467 1.76302
0.645235 1.77387
0.647003 1.75506
0.64877 1.76692
0.650538 1.76388
0.652306 1.75867
0.654074 1.76403
0.655842 1.7581
0.657609 1.73885
0.659377 1.74377
0.661145 1.75911
0.662913 1.7497
0.66468 1.7526
0.666448 1.74406
0.668216 1.72814
0.669984 1.73783
0.671751 1.71092
0.673519 1.7183
0.675287 1.71844
0.677055 1.69138
0.678823 1.70238
0.68059 1.70281
0.682358 1.68544
0.684126 1.68023
0.685894 1.67488
0.687661 1.69051
0.689429 1.65563
0.691197 1.65592
0.692965 1.66214
0.694732 1.67821
0.6965 1.65086
0.698268 1.65853
0.700036 1.62292
0.701803 1.63812
0.703571 1.61207
0.705339 1.64796
0.707107 1.61583
0.708875 1.62162
0.710642 1.60295
0.71241 1.63725
0.714178 1.59166
0.715946 1.58877
0.717713 1.57097
0.719481 1.59557
0.721249 1.57082
0.723017 1.57907
0.724784 1.5578
0.726552 1.5947
0.72832 1.56851
0.730088 1.57213
0.731856 1.5494
0.733623 1.53609
0.735391 1.54448
0.737159 1.52972
0.738927 1.53551
0.740694 1.52509
0.742462 1.51713
0.74423 1.51699
0.745998 1.50961
0.747765 1.48963
0.749533 1.51004
0.751301 1.48081
0.753069 1.48631
0.754836 1.48471
0.756604 1.46532
0.758372 1.47068
0.76014 1.48283
0.761908 1.43898
0.763675 1.43898
0.765443 1.44824
0.767211 1.43724
0.768979 1.41365
0.770746 1.4274
0.772514 1.40816
0.774282 1.40873
0.77605 1.40034
0.777817 1.39585
0.779585 1.37357
0.781353 1.42422
0.783121 1.37675
0.784889 1.33362
0.786656 1.36199
0.788424 1.36083
0.790192 1.34361
0.79196 1.36807
0.793727 1.33782
0.795495 1.3193
0.797263 1.31857
0.799031 1.32393
0.800798 1.29701
0.802566 1.31466
0.804334 1.31307
0.806102 1.29585
0.807869 1.31264
0.809637 1.27848
0.811405 1.27443
0.813173 1.30019
0.814941 1.252
0.816708 1.2766
0.818476 1.24722
0.820244 1.2384
0.822012 1.23738
0.823779 1.22682
0.825547 1.22465
0.827315 1.21278
0.829083 1.23087
0.83085 1.20033
0.832618 1.18311
0.834386 1.18716
0.836154 1.18166
0.837922 1.13825
0.839689 1.16734
0.841457 1.13434
0.843225 1.14592
0.844993 1.14751
0.84676 1.13318
0.848528 1.12291
0.850296 1.10351
0.852064 1.11639
0.853831 1.12334
0.855599 1.11799
0.857367 1.08499
0.859135 1.097
0.860902 1.06733
0.86267 1.06256
0.864438 1.06068
0.866206 1.06154
0.867974 1.03245
0.869741 1.03622
0.871509 1.04997
0.873277 1.01682
0.875045 1.03028
0.876812 1.0161
0.87858 1.01957
0.880348 0.977459
0.882116 0.972249
0.883883 0.979486
0.885651 0.955461
0.887419 0.941134
0.889187 0.968342
0.890954 0.92478
0.892722 0.941568
0.89449 0.941423
0.896258 0.910308
0.898026 0.937082
0.899793 0.918123
0.901561 0.885705
0.903329 0.877022
0.905097 0.871812
0.906864 0.858352
0.908632 0.844025
0.9104 0.850971
0.912168 0.853721
0.913935 0.854155
0.915703 0.825645
0.917471 0.822461
0.919239 0.819567
0.921007 0.816527
0.922774 0.795687
0.924542 0.784254
0.92631 0.783675
0.928078 0.77094
0.929845 0.764138
0.931613 0.750534
0.933381 0.745758
0.935149 0.737219
0.936916 0.724773
0.938684 0.710445
0.940452 0.712182
0.94222 0.706972
0.943988 0.664858
0.945755 0.688737
0.947523 0.681646
0.949291 0.6637
0.951059 0.657766
0.952826 0.654582
0.954594 0.636347
0.956362 0.619704
0.95813 0.639965
0.959897 0.614494
0.961665 0.602193
0.963433 0.589891
0.965201 0.579471
0.966968 0.578603
0.968736 0.582365
0.970504 0.543724
0.972272 0.557184
0.97404 0.528239
0.975807 0.534173
0.977575 0.513767
0.979343 0.520279
0.981111 0.509859
0.982878 0.490611
0.984646 0.488296
0.986414 0.486414
0.988182 0.473389
0.989949 0.463258
0.991717 0.444155
0.993485 0.450668
0.995253 0.426499
0.997021 0.40479
0.998788 0.403633
1.00056 0.410579
1.00232 0.390752
1.00409 0.386555
1.00586 0.37874
1.00763 0.369912
1.00939 0.369333
1.01116 0.350809
1.01293 0.341981
1.0147 0.342125
1.01647 0.331995
1.01823 0.336915
1.02 0.325627
1.02177 0.337928
1.02354 0.304353
1.0253 0.302616
1.02707 0.306234
1.02884 0.293354
1.03061 0.282065
1.03238 0.293209
1.03414 0.281052
1.03591 0.263106
1.03768 0.270632
1.03945 0.268606
1.04121 0.266725
1.04298 0.264264
1.04475 0.257896
1.04652 0.252397
1.04829 0.247042
1.05005 0.23503
1.05182 0.241109
1.05359 0.226202
1.05536 0.224755
1.05712 0.231557
1.05889 0.216216
1.06066 0.227215
1.06243 0.202033
1.0642 0.202612
1.06596 0.211585
1.06773 0.20927
1.0695 0.203046
1.07127 0.198126
1.07303 0.189732
1.0748 0.186982
1.07657 0.191034
1.07834 0.176996
1.08011 0.18047
1.08187 0.177865
1.08364 0.185535
1.08541 0.173378
1.08718 0.158327
1.08894 0.159774
1.09071 0.162379
1.09248 0.157169
1.09425 0.149933
1.09602 0.152972
1.09778 0.153117
1.09955 0.144434
1.10132 0.137197
1.10309 0.138066
1.10485 0.135461
1.10662 0.128804
1.10839 0.138066
1.11016 0.129672
1.11193 0.131698
1.11369 0.120265
1.11546 0.125041
1.11723 0.122436
1.119 0.114331
1.12076 0.1152
1.12253 0.117805
1.1243 0.111292
1.12607 0.112739
1.12784 0.110279
1.1296 0.0972539
1.13137 0.107819
1.13314 0.102319
1.13491 0.0972539
1.13667 0.101161
1.13844 0.0900177
1.14021 0.100004
1.14198 0.0939253
1.14375 0.087268
1.14551 0.085676
1.14728 0.0868338
1.14905 0.0858208
1.15082 0.0759796
1.15258 0.0767032
1.15435 0.0767032
1.15612 0.0781504
1.15789 0.073664
1.15966 0.0785846
1.16142 0.0706248
1.16319 0.0725062
1.16496 0.0704801
1.16673 0.0617967
1.16849 0.0672962
1.17026 0.0648359
1.17203 0.0629545
1.1738 0.0619415
1.17557 0.0630992
1.17733 0.0565867
1.1791 0.0641123
1.18087 0.0539817
1.18264 0.0551395
1.1844 0.0528239
1.18617 0.052245
1.18794 0.051232
1.18971 0.0477586
1.19147 0.0500742
1.19324 0.0492058
1.19501 0.0492058
1.19678 0.0451536
1.19855 0.0432722
1.20031 0.0448641
1.20208 0.0426933
1.20385 0.0434169
1.20562 0.0392199
1.20738 0.0425486
1.20915 0.0396541
1.21092 0.0341546
1.21269 0.0382069
1.21446 0.0329969
1.21622 0.0292341
1.21799 0.0315496
1.21976 0.0312602
1.22153 0.0295235
1.22329 0.0273527
1.22506 0.0279315
1.22683 0.0306813
1.2286 0.0272079
1.23037 0.0286552
1.23213 0.026629
1.2339 0.0272079
1.23567 0.0228662
1.23744 0.0228662
1.2392 0.0244582
1.24097 0.0206954
1.24274 0.0202612
1.24451 0.0196823
1.24628 0.0199718
1.24804 0.0199718
1.24981 0.0206954
1.25158 0.0196823
1.25335 0.0211296
1.25511 0.0199718
1.25688 0.0157748
1.25865 0.0149065
1.26042 0.014617
1.26219 0.0144723
1.26395 0.0157748
1.26572 0.0156301
1.26749 0.0137487
1.26926 0.0133145
1.27102 0.0149065
1.27279 0.0125909
1.27456 0.0123015
1.27633 0.0101306
1.2781 0.0115778
1.27986 0.00926227
1.28163 0.00897283
1.2834 0.0108542
1.28517 0.009407
1.28693 0.00984117
1.2887 0.00810449
1.29047 0.00853866
1.29224 0.00926227
1.29401 0.00680198
1.29577 0.00651254
1.29754 0.00709143
1.29931 0.00781504
1.30108 0.00506531
1.30284 0.00607837
1.30461 0.00593364
1.30638 0.00506531
1.30815 0.00506531
1.30992 0.00506531
1.31168 0.00492058
1.31345 0.00289446
1.31522 0.00405225
1.31699 0.00448641
1.31875 0.00318391
1.32052 0.00361808
1.32229 0.00289446
1.32406 0.00274974
1.32583 0.00318391
1.32759 0.00159195
1.32936 0.00246029
1.33113 0.0018814
1.3329 0.00260501
1.33466 0.00231557
1.33643 0.00173668
1.3382 0.00130251
1.33997 0.00130251
1.34174 0.00217085
1.3435 0.00101306
1.34527 0.00202612
1.34704 0.00115778
1.34881 0.00101306
1.35057 0.0018814
1.35234 0.00101306
1.35411 0.000868338
1.35588 0.000578892
1.35765 0.00101306
1.35941 0.000578892
1.36118 0.000434169
1.36295 0.000723615
1.36472 0.000723615
1.36648 0.000434169
1.36825 0.000434169
1.37002 0.000289446
1.37179 0.000578892
1.37355 0.000144723
1.37532 0
1.37709 0.000144723
1.37886 0.000144723
1.38063 0.000144723
1.38239 0.000289446
1.38416 0.000289446
1.38593 0.000144723
1.3877 0
1.38946 0
1.39123 0.000144723
1.393 0
1.39477 0
1.39654 0
1.3983 0
1.40007 0
1.40184 0
1.40361 0
1.40537 0
1.40714 0
1.40891 0
1.41068 0
1.41245 0
