0 0
0.00176777 0
0.00353553 0
0.0053033 0
0.00707107 0
0.00883883 0
0.0106066 0
0.0123744 8.80752e-006
0.0141421 0.176952
0.0159099 0.276559
0.0176777 0.238807
0.0194454 0.213368
0.0212132 0.198037
0.022981 0.191819
0.0247487 0.194479
0.0265165 0.202608
0.0282843 0.22254
0.030052 0.255606
0.0318198 0.2862
0.0335876 0.302794
0.0353553 0.3156
0.0371231 0.323726
0.0388909 0.339133
0.0406586 0.357879
0.0424264 0.364106
0.0441942 0.377916
0.0459619 0.390196
0.0477297 0.403916
0.0494975 0.416419
0.0512652 0.430752
0.053033 0.444595
0.0548008 0.461264
0.0565685 0.476936
0.0583363 0.490379
0.0601041 0.501791
0.0618718 0.51679
0.0636396 0.526202
0.0654074 0.538741
0.0671751 0.55293
0.0689429 0.564941
0.0707107 0.579811
0.0724784 0.589963
0.0742462 0.609468
0.076014 0.61921
0.0777817 0.632057
0.0795495 0.641413
0.0813173 0.655197
0.083085 0.666233
0.0848528 0.6828
0.0866206 0.695917
0.0883883 0.705729
0.0901561 0.718021
0.0919239 0.729882
0.0936916 0.739893
0.0954594 0.754446
0.0972272 0.76392
0.0989949 0.780789
0.100763 0.789174
0.10253 0.800219
0.104298 0.812499
0.106066 0.82702
0.107834 0.839183
0.109602 0.846667
0.111369 0.859021
0.113137 0.871627
0.114905 0.88416
0.116673 0.89103
0.11844 0.903252
0.120208 0.913906
0.121976 0.930191
0.123744 0.937305
0.125511 0.95076
0.127279 0.959799
0.129047 0.971123
0.130815 0.980285
0.132583 0.993188
0.13435 1.00293
0.136118 1.01178
0.137886 1.02598
0.139654 1.03331
0.141421 1.04411
0.143189 1.05507
0.144957 1.06609
0.146725 1.07729
0.148492 1.08433
0.15026 1.09328
0.152028 1.10693
0.153796 1.11394
0.155563 1.12831
0.157331 1.13511
0.159099 1.14478
0.160867 1.15537
0.162635 1.16503
0.164402 1.17273
0.16617 1.18179
0.167938 1.18743
0.169706 1.20277
0.171473 1.21201
0.173241 1.22142
0.175009 1.23055
0.176777 1.24142
0.178544 1.24671
0.180312 1.25877
0.18208 1.26255
0.183848 1.27188
0.185616 1.28468
0.187383 1.29122
0.189151 1.30053
0.190919 1.30965
0.192687 1.31748
0.194454 1.32863
0.196222 1.33669
0.19799 1.34459
0.199758 1.35027
0.201525 1.35941
0.203293 1.36738
0.205061 1.37663
0.206829 1.38547
0.208596 1.3911
0.210364 1.39953
0.212132 1.40935
0.2139 1.41824
0.215668 1.42172
0.217435 1.43346
0.219203 1.43748
0.220971 1.44592
0.222739 1.46021
0.224506 1.4623
0.226274 1.46942
0.228042 1.47576
0.22981 1.47948
0.231577 1.4939
0.233345 1.49995
0.235113 1.50744
0.236881 1.51354
0.238649 1.51839
0.240416 1.52977
0.242184 1.53048
0.243952 1.54032
0.24572 1.54881
0.247487 1.55476
0.249255 1.55695
0.251023 1.56987
0.252791 1.57492
0.254558 1.58138
0.256326 1.58699
0.258094 1.59601
0.259862 1.59887
0.261629 1.60735
0.263397 1.60918
0.265165 1.61681
0.266933 1.62763
0.268701 1.6327
0.270468 1.63523
0.272236 1.64116
0.274004 1.65026
0.275772 1.65149
0.277539 1.6582
0.279307 1.66575
0.281075 1.67072
0.282843 1.67676
0.28461 1.68263
0.286378 1.69132
0.288146 1.69448
0.289914 1.70083
0.291682 1.70116
0.293449 1.70776
0.295217 1.71117
0.296985 1.71729
0.298753 1.7283
0.30052 1.7316
0.302288 1.73772
0.304056 1.73973
0.305824 1.74544
0.307591 1.75054
0.309359 1.75361
0.311127 1.75838
0.312895 1.76109
0.314663 1.76476
0.31643 1.77528
0.318198 1.78018
0.319966 1.77931
0.321734 1.78818
0.323501 1.78946
0.325269 1.79716
0.327037 1.79881
0.328805 1.79977
0.330572 1.80805
0.33234 1.81167
0.334108 1.81656
0.335876 1.81768
0.337643 1.82424
0.339411 1.82805
0.341179 1.83043
0.342947 1.83137
0.344715 1.83859
0.346482 1.84525
0.34825 1.84559
0.350018 1.85047
0.351786 1.85164
0.353553 1.85728
0.355321 1.85835
0.357089 1.85956
0.358857 1.86432
0.360624 1.87069
0.362392 1.8739
0.36416 1.87753
0.365928 1.87921
0.367696 1.88449
0.369463 1.88274
0.371231 1.88442
0.372999 1.8903
0.374767 1.89304
0.376534 1.89544
0.378302 1.90199
0.38007 1.90554
0.381838 1.90603
0.383605 1.90497
0.385373 1.90576
0.387141 1.91037
0.388909 1.91609
0.390676 1.92056
0.392444 1.91951
0.394212 1.92172
0.39598 1.92257
0.397748 1.92937
0.399515 1.92482
0.401283 1.93172
0.403051 1.93137
0.404819 1.93339
0.406586 1.93302
0.408354 1.93618
0.410122 1.94292
0.41189 1.94256
0.413657 1.94538
0.415425 1.94574
0.417193 1.94927
0.418961 1.94968
0.420729 1.94956
0.422496 1.94995
0.424264 1.95243
0.426032 1.95074
0.4278 1.95247
0.429567 1.9546
0.431335 1.96145
0.433103 1.95811
0.434871 1.96352
0.436638 1.96146
0.438406 1.96286
0.440174 1.96444
0.441942 1.96019
0.443709 1.96536
0.445477 1.97043
0.447245 1.96496
0.449013 1.96412
0.450781 1.96455
0.452548 1.97361
0.454316 1.9722
0.456084 1.97128
0.457852 1.96911
0.459619 1.97269
0.461387 1.97354
0.463155 1.97088
0.464923 1.9696
0.46669 1.96923
0.468458 1.97689
0.470226 1.97082
0.471994 1.97366
0.473762 1.97486
0.475529 1.97288
0.477297 1.97413
0.479065 1.97511
0.480833 1.97372
0.4826 1.97325
0.484368 1.97256
0.486136 1.97031
0.487904 1.97353
0.489671 1.97291
0.491439 1.97088
0.493207 1.97347
0.494975 1.97076
0.496742 1.97292
0.49851 1.96742
0.500278 1.9667
0.502046 1.96957
0.503814 1.96866
0.505581 1.96936
0.507349 1.96778
0.509117 1.9635
0.510885 1.96716
0.512652 1.96832
0.51442 1.95786
0.516188 1.96747
0.517956 1.95862
0.519723 1.96103
0.521491 1.95825
0.523259 1.95617
0.525027 1.95935
0.526795 1.95596
0.528562 1.95784
0.53033 1.95212
0.532098 1.9508
0.533866 1.94978
0.535633 1.95207
0.537401 1.94621
0.539169 1.94354
0.540937 1.94451
0.542704 1.9436
0.544472 1.94401
0.54624 1.93812
0.548008 1.93623
0.549775 1.93933
0.551543 1.93762
0.553311 1.93369
0.555079 1.92597
0.556847 1.93169
0.558614 1.92526
0.560382 1.9247
0.56215 1.92171
0.563918 1.9192
0.565685 1.91278
0.567453 1.92127
0.569221 1.91708
0.570989 1.91487
0.572756 1.90917
0.574524 1.90773
0.576292 1.90431
0.57806 1.89923
0.579828 1.89667
0.581595 1.89626
0.583363 1.89485
0.585131 1.89294
0.586899 1.89549
0.588666 1.88641
0.590434 1.88494
0.592202 1.87793
0.59397 1.87615
0.595737 1.8725
0.597505 1.87346
0.599273 1.86929
0.601041 1.87157
0.602809 1.86478
0.604576 1.86266
0.606344 1.85757
0.608112 1.85279
0.60988 1.85282
0.611647 1.84714
0.613415 1.84538
0.615183 1.83812
0.616951 1.83977
0.618718 1.83839
0.620486 1.8358
0.622254 1.83019
0.624022 1.8264
0.625789 1.81798
0.627557 1.81903
0.629325 1.81294
0.631093 1.80691
0.632861 1.81268
0.634628 1.80709
0.636396 1.80026
0.638164 1.7935
0.639932 1.79394
0.641699 1.79102
0.643467 1.78295
0.645235 1.78242
0.647003 1.77392
0.64877 1.77562
0.650538 1.76816
0.652306 1.76931
0.654074 1.76147
0.655842 1.75844
0.657609 1.75221
0.659377 1.74504
0.661145 1.74507
0.662913 1.7429
0.66468 1.73664
0.666448 1.72902
0.668216 1.73162
0.669984 1.72431
0.671751 1.72025
0.673519 1.71275
0.675287 1.70792
0.677055 1.70564
0.678823 1.70379
0.68059 1.69771
0.682358 1.68963
0.684126 1.68585
0.685894 1.68351
0.687661 1.68089
0.689429 1.66983
0.691197 1.66953
0.692965 1.66331
0.694732 1.65733
0.6965 1.65494
0.698268 1.64779
0.700036 1.64721
0.701803 1.63594
0.703571 1.63377
0.705339 1.62917
0.707107 1.62273
0.708875 1.61906
0.710642 1.61112
0.71241 1.60984
0.714178 1.60259
0.715946 1.59729
0.717713 1.59334
0.719481 1.58914
0.721249 1.58132
0.723017 1.57634
0.724784 1.57184
0.726552 1.56235
0.72832 1.55924
0.730088 1.55506
0.731856 1.55069
0.733623 1.54272
0.735391 1.53857
0.737159 1.53345
0.738927 1.52416
0.740694 1.51983
0.742462 1.51778
0.74423 1.51021
0.745998 1.50274
0.747765 1.49786
0.749533 1.49368
0.751301 1.48398
0.753069 1.47835
0.754836 1.47085
0.756604 1.47424
0.758372 1.46094
0.76014 1.45698
0.761908 1.44907
0.763675 1.44293
0.765443 1.43659
0.767211 1.4286
0.768979 1.42583
0.770746 1.42116
0.772514 1.40934
0.774282 1.4072
0.77605 1.4033
0.777817 1.39569
0.779585 1.38763
0.781353 1.37754
0.783121 1.37209
0.784889 1.37058
0.786656 1.3604
0.788424 1.35525
0.790192 1.34751
0.79196 1.34299
0.793727 1.33661
0.795495 1.32794
0.797263 1.32358
0.799031 1.31767
0.800798 1.30576
0.802566 1.29887
0.804334 1.29749
0.806102 1.28774
0.807869 1.28321
0.809637 1.27476
0.811405 1.26404
0.813173 1.25878
0.814941 1.25493
0.816708 1.24859
0.818476 1.23784
0.820244 1.23398
0.822012 1.22623
0.823779 1.22076
0.825547 1.20897
0.827315 1.20503
0.829083 1.19603
0.83085 1.18998
0.832618 1.18473
0.834386 1.17448
0.836154 1.1697
0.837922 1.16186
0.839689 1.15458
0.841457 1.14373
0.843225 1.13588
0.844993 1.13169
0.84676 1.12653
0.848528 1.11844
0.850296 1.11096
0.852064 1.09951
0.853831 1.09395
0.855599 1.0826
0.857367 1.08082
0.859135 1.07369
0.860902 1.06571
0.86267 1.05664
0.864438 1.05047
0.866206 1.04143
0.867974 1.03208
0.869741 1.02491
0.871509 1.01803
0.873277 1.00663
0.875045 1.0043
0.876812 0.996312
0.87858 0.986348
0.880348 0.981102
0.882116 0.97255
0.883883 0.960668
0.885651 0.953472
0.887419 0.946391
0.889187 0.939733
0.890954 0.933127
0.892722 0.923154
0.89449 0.91555
0.896258 0.90802
0.898026 0.896021
0.899793 0.88916
0.901561 0.88148
0.903329 0.871748
0.905097 0.865891
0.906864 0.862089
0.908632 0.850733
0.9104 0.840642
0.912168 0.834545
0.913935 0.82357
0.915703 0.816072
0.917471 0.807605
0.919239 0.798146
0.921007 0.791778
0.922774 0.78332
0.924542 0.773931
0.92631 0.765417
0.928078 0.756134
0.929845 0.750709
0.931613 0.741302
0.933381 0.731687
0.935149 0.724727
0.936916 0.714319
0.938684 0.704231
0.940452 0.697602
0.94222 0.689403
0.943988 0.679526
0.945755 0.672028
0.947523 0.66182
0.949291 0.653597
0.951059 0.644995
0.952826 0.63548
0.954594 0.627271
0.956362 0.61975
0.95813 0.610884
0.959897 0.59971
0.961665 0.591554
0.963433 0.584261
0.965201 0.574203
0.966968 0.567122
0.968736 0.553993
0.970504 0.546856
0.972272 0.538019
0.97404 0.53112
0.975807 0.519279
0.977575 0.511
0.979343 0.501529
0.981111 0.492575
0.982878 0.485767
0.984646 0.476631
0.986414 0.463032
0.988182 0.458816
0.989949 0.447639
0.991717 0.437778
0.993485 0.4288
0.995253 0.418959
0.997021 0.411147
0.998788 0.399759
1.00056 0.39268
1.00232 0.383746
1.00409 0.377408
1.00586 0.369725
1.00763 0.362271
1.00939 0.354734
1.01116 0.35053
1.01293 0.343845
1.0147 0.336289
1.01647 0.330813
1.01823 0.324698
1.02 0.318122
1.02177 0.312617
1.02354 0.3074
1.0253 0.30203
1.02707 0.298557
1.02884 0.289121
1.03061 0.28694
1.03238 0.281764
1.03414 0.275015
1.03591 0.270996
1.03768 0.268045
1.03945 0.26193
1.04121 0.257808
1.04298 0.252802
1.04475 0.247494
1.04652 0.245207
1.04829 0.239265
1.05005 0.236162
1.05182 0.230772
1.05359 0.22768
1.05536 0.223852
1.05712 0.219833
1.05889 0.214716
1.06066 0.212229
1.06243 0.208133
1.0642 0.204091
1.06596 0.199173
1.06773 0.196995
1.0695 0.193666
1.07127 0.190172
1.07303 0.186643
1.0748 0.184156
1.07657 0.179914
1.07834 0.176664
1.08011 0.17251
1.08187 0.170176
1.08364 0.167111
1.08541 0.16559
1.08718 0.161333
1.08894 0.157928
1.09071 0.154863
1.09248 0.153439
1.09425 0.14843
1.09602 0.145679
1.09778 0.144596
1.09955 0.14119
1.10132 0.137864
1.10309 0.135677
1.10485 0.134702
1.10662 0.130231
1.10839 0.127392
1.11016 0.125997
1.11193 0.122894
1.11369 0.121353
1.11546 0.118626
1.11723 0.116397
1.119 0.113667
1.12076 0.110526
1.12253 0.109137
1.1243 0.108148
1.12607 0.104748
1.12784 0.103518
1.1296 0.100843
1.13137 0.0988145
1.13314 0.0967976
1.13491 0.0950713
1.13667 0.0920004
1.13844 0.0909523
1.14021 0.0885214
1.14198 0.087626
1.14375 0.0856913
1.14551 0.0833015
1.14728 0.0816075
1.14905 0.0801161
1.15082 0.0782871
1.15258 0.076279
1.15435 0.0751457
1.15612 0.0732551
1.15789 0.0713614
1.15966 0.0702693
1.16142 0.0685548
1.16319 0.0668314
1.16496 0.0646824
1.16673 0.0640072
1.16849 0.0622545
1.17026 0.0609568
1.17203 0.0594713
1.1738 0.0587432
1.17557 0.0567087
1.17733 0.0555608
1.1791 0.0541427
1.18087 0.0530565
1.18264 0.0517383
1.1844 0.0505933
1.18617 0.0488993
1.18794 0.0480479
1.18971 0.0463099
1.19147 0.046122
1.19324 0.0445455
1.19501 0.0432361
1.19678 0.0417887
1.19855 0.0407054
1.20031 0.0405263
1.20208 0.0388881
1.20385 0.0378312
1.20562 0.0374936
1.20738 0.0365072
1.20915 0.03496
1.21092 0.0340117
1.21269 0.032441
1.21446 0.0324586
1.21622 0.0309026
1.21799 0.0302479
1.21976 0.029925
1.22153 0.0289709
1.22329 0.028096
1.22506 0.0275029
1.22683 0.0262112
1.2286 0.0253069
1.23037 0.0247902
1.23213 0.0237744
1.2339 0.0230287
1.23567 0.0228408
1.23744 0.0220599
1.2392 0.0212437
1.24097 0.0204011
1.24274 0.0204452
1.24451 0.0194617
1.24628 0.0187307
1.24804 0.0181347
1.24981 0.0173361
1.25158 0.0166932
1.25335 0.0163937
1.25511 0.0156422
1.25688 0.0147731
1.25865 0.0148964
1.26042 0.0144238
1.26219 0.0139217
1.26395 0.0132025
1.26572 0.0127738
1.26749 0.0123129
1.26926 0.0115966
1.27102 0.0114087
1.27279 0.0111239
1.27456 0.0105837
1.27633 0.00990552
1.2781 0.00939175
1.27986 0.00949744
1.28163 0.00902183
1.2834 0.00853448
1.28517 0.00808236
1.28693 0.00770658
1.2887 0.00776823
1.29047 0.00728382
1.29224 0.00686986
1.29401 0.00664674
1.29577 0.00636783
1.29754 0.00592159
1.29931 0.00579241
1.30108 0.00549295
1.30284 0.00512304
1.30461 0.00487056
1.30638 0.00481478
1.30815 0.00441844
1.30992 0.00440669
1.31168 0.0041366
1.31345 0.00361402
1.31522 0.00377255
1.31699 0.00343787
1.31875 0.00326172
1.32052 0.0028918
1.32229 0.00306208
1.32406 0.00260115
1.32583 0.00262464
1.32759 0.00234867
1.32936 0.00225179
1.33113 0.00218133
1.3329 0.00200518
1.33466 0.00181728
1.33643 0.00161765
1.3382 0.00164407
1.33997 0.00141214
1.34174 0.00132113
1.3435 0.00134755
1.34527 0.00126828
1.34704 0.00111562
1.34881 0.00100112
1.35057 0.000998185
1.35234 0.000827907
1.35411 0.000789741
1.35588 0.00064882
1.35765 0.000634141
1.35941 0.000625334
1.36118 0.000590104
1.36295 0.000419825
1.36472 0.000343493
1.36648 0.000372852
1.36825 0.000369916
1.37002 0.000352301
1.37179 0.000273033
1.37355 0.000205509
1.37532 0.000193765
1.37709 0.00017615
1.37886 0.00014092
1.38063 9.68827e-005
1.38239 9.1011e-005
1.38416 9.68827e-005
1.38593 6.16526e-005
1.3877 6.16526e-005
1.38946 4.99093e-005
1.39123 2.64226e-005
1.393 5.28451e-005
1.39477 8.80752e-006
1.39654 2.64226e-005
1.3983 2.93584e-005
1.40007 2.93584e-006
1.40184 0
1.40361 0
1.40537 0
1.40714 0
1.40891 0
1.41068 0
1.41245 0
