0 0
0.00176777 0
0.00353553 0
0.0053033 0
0.00707107 0
0.00883883 0
0.0106066 0
0.0123744 5.87168e-006
0.0141421 0.167261
0.0159099 0.278191
0.0176777 0.236602
0.0194454 0.210485
0.0212132 0.194587
0.022981 0.187538
0.0247487 0.189828
0.0265165 0.196739
0.0282843 0.216342
0.030052 0.25247
0.0318198 0.281805
0.0335876 0.299259
0.0353553 0.312708
0.0371231 0.320896
0.0388909 0.335217
0.0406586 0.351173
0.0424264 0.359869
0.0441942 0.374745
0.0459619 0.390584
0.0477297 0.405577
0.0494975 0.419928
0.0512652 0.436471
0.053033 0.450431
0.0548008 0.470104
0.0565685 0.48481
0.0583363 0.499383
0.0601041 0.510387
0.0618718 0.523689
0.0636396 0.532241
0.0654074 0.54271
0.0671751 0.553323
0.0689429 0.56438
0.0707107 0.578645
0.0724784 0.586302
0.0742462 0.605226
0.076014 0.613085
0.0777817 0.624838
0.0795495 0.632844
0.0813173 0.647855
0.083085 0.658981
0.0848528 0.676259
0.0866206 0.689153
0.0883883 0.699387
0.0901561 0.715317
0.0919239 0.727152
0.0936916 0.739268
0.0954594 0.75378
0.0972272 0.766421
0.0989949 0.782213
0.100763 0.793052
0.10253 0.804605
0.104298 0.817608
0.106066 0.832307
0.107834 0.843925
0.109602 0.850055
0.111369 0.863333
0.113137 0.87759
0.114905 0.889774
0.116673 0.894894
0.11844 0.904937
0.120208 0.916187
0.121976 0.927091
0.123744 0.935209
0.125511 0.949318
0.127279 0.955548
0.129047 0.967726
0.130815 0.975758
0.132583 0.986712
0.13435 0.995569
0.136118 1.0055
0.137886 1.01791
0.139654 1.02992
0.141421 1.03955
0.143189 1.05358
0.144957 1.06199
0.146725 1.07587
0.148492 1.08483
0.15026 1.09253
0.152028 1.10986
0.153796 1.11424
0.155563 1.1299
0.157331 1.13719
0.159099 1.14924
0.160867 1.15995
0.162635 1.1673
0.164402 1.1757
0.16617 1.18267
0.167938 1.19067
0.169706 1.20434
0.171473 1.21172
0.173241 1.2212
0.175009 1.2282
0.176777 1.24057
0.178544 1.24438
0.180312 1.25545
0.18208 1.26124
0.183848 1.26918
0.185616 1.2789
0.187383 1.28904
0.189151 1.29591
0.190919 1.3058
0.192687 1.31579
0.194454 1.32363
0.196222 1.33442
0.19799 1.34236
0.199758 1.34877
0.201525 1.35825
0.203293 1.36665
0.205061 1.37597
0.206829 1.38534
0.208596 1.39177
0.210364 1.40178
0.212132 1.41098
0.2139 1.42114
0.215668 1.4241
0.217435 1.43329
0.219203 1.43837
0.220971 1.44737
0.222739 1.45756
0.224506 1.46179
0.226274 1.46753
0.228042 1.47536
0.22981 1.47725
0.231577 1.49193
0.233345 1.49704
0.235113 1.50385
0.236881 1.51219
0.238649 1.51617
0.240416 1.52741
0.242184 1.52954
0.243952 1.53691
0.24572 1.54646
0.247487 1.55294
0.249255 1.55635
0.251023 1.56814
0.252791 1.57401
0.254558 1.57842
0.256326 1.58585
0.258094 1.59697
0.259862 1.59859
0.261629 1.60606
0.263397 1.61
0.265165 1.61886
0.266933 1.62448
0.268701 1.63307
0.270468 1.6358
0.272236 1.63951
0.274004 1.65142
0.275772 1.65279
0.277539 1.65962
0.279307 1.66278
0.281075 1.67019
0.282843 1.67708
0.28461 1.68213
0.286378 1.68778
0.288146 1.69528
0.289914 1.6977
0.291682 1.70123
0.293449 1.70511
0.295217 1.70906
0.296985 1.71794
0.298753 1.7249
0.30052 1.72783
0.302288 1.7374
0.304056 1.73888
0.305824 1.74688
0.307591 1.7477
0.309359 1.75304
0.311127 1.75597
0.312895 1.76192
0.314663 1.76564
0.31643 1.77569
0.318198 1.77808
0.319966 1.77972
0.321734 1.78758
0.323501 1.79186
0.325269 1.79607
0.327037 1.79742
0.328805 1.79967
0.330572 1.8064
0.33234 1.81371
0.334108 1.81515
0.335876 1.81727
0.337643 1.82166
0.339411 1.8272
0.341179 1.82932
0.342947 1.83139
0.344715 1.83652
0.346482 1.84347
0.34825 1.84704
0.350018 1.84877
0.351786 1.85046
0.353553 1.85824
0.355321 1.85669
0.357089 1.85938
0.358857 1.86242
0.360624 1.86796
0.362392 1.87424
0.36416 1.87691
0.365928 1.88015
0.367696 1.88532
0.369463 1.88368
0.371231 1.88345
0.372999 1.89074
0.374767 1.89247
0.376534 1.89389
0.378302 1.89985
0.38007 1.90599
0.381838 1.9053
0.383605 1.90539
0.385373 1.90589
0.387141 1.90769
0.388909 1.91596
0.390676 1.91866
0.392444 1.91829
0.394212 1.92061
0.39598 1.92179
0.397748 1.9295
0.399515 1.92504
0.401283 1.93059
0.403051 1.93094
0.404819 1.93069
0.406586 1.93344
0.408354 1.93465
0.410122 1.94275
0.41189 1.94171
0.413657 1.94403
0.415425 1.94337
0.417193 1.94836
0.418961 1.94787
0.420729 1.94796
0.422496 1.9501
0.424264 1.9517
0.426032 1.95242
0.4278 1.9518
0.429567 1.95657
0.431335 1.96113
0.433103 1.95831
0.434871 1.96398
0.436638 1.9616
0.438406 1.96378
0.440174 1.96221
0.441942 1.96077
0.443709 1.96473
0.445477 1.96835
0.447245 1.96688
0.449013 1.96483
0.450781 1.96226
0.452548 1.97354
0.454316 1.97174
0.456084 1.97023
0.457852 1.97046
0.459619 1.97211
0.461387 1.97156
0.463155 1.9714
0.464923 1.97068
0.46669 1.97001
0.468458 1.97526
0.470226 1.97034
0.471994 1.97303
0.473762 1.97212
0.475529 1.97488
0.477297 1.97383
0.479065 1.97355
0.480833 1.97214
0.4826 1.97366
0.484368 1.97045
0.486136 1.96995
0.487904 1.97464
0.489671 1.97216
0.491439 1.97275
0.493207 1.97443
0.494975 1.9716
0.496742 1.97263
0.49851 1.96603
0.500278 1.96523
0.502046 1.97025
0.503814 1.96801
0.505581 1.969
0.507349 1.96899
0.509117 1.96571
0.510885 1.96703
0.512652 1.9656
0.51442 1.95758
0.516188 1.96446
0.517956 1.95719
0.519723 1.96152
0.521491 1.9595
0.523259 1.95748
0.525027 1.95773
0.526795 1.95714
0.528562 1.95487
0.53033 1.95171
0.532098 1.95281
0.533866 1.94938
0.535633 1.94897
0.537401 1.94642
0.539169 1.94614
0.540937 1.94075
0.542704 1.94435
0.544472 1.94353
0.54624 1.93806
0.548008 1.93608
0.549775 1.93691
0.551543 1.9363
0.553311 1.93585
0.555079 1.92887
0.556847 1.9303
0.558614 1.92246
0.560382 1.92378
0.56215 1.92011
0.563918 1.91893
0.565685 1.91542
0.567453 1.92015
0.569221 1.91497
0.570989 1.91178
0.572756 1.90813
0.574524 1.90648
0.576292 1.90387
0.57806 1.90137
0.579828 1.89684
0.581595 1.89584
0.583363 1.89361
0.585131 1.89149
0.586899 1.89308
0.588666 1.88563
0.590434 1.88393
0.592202 1.87752
0.59397 1.8772
0.595737 1.87522
0.597505 1.87371
0.599273 1.86681
0.601041 1.87054
0.602809 1.86543
0.604576 1.86052
0.606344 1.85846
0.608112 1.85229
0.60988 1.85304
0.611647 1.84732
0.613415 1.84453
0.615183 1.83807
0.616951 1.84068
0.618718 1.83747
0.620486 1.83481
0.622254 1.8289
0.624022 1.82431
0.625789 1.81786
0.627557 1.81906
0.629325 1.81286
0.631093 1.80879
0.632861 1.81166
0.634628 1.80558
0.636396 1.79822
0.638164 1.79283
0.639932 1.7955
0.641699 1.79061
0.643467 1.7821
0.645235 1.7817
0.647003 1.77404
0.64877 1.77553
0.650538 1.76765
0.652306 1.76874
0.654074 1.7612
0.655842 1.75937
0.657609 1.75217
0.659377 1.74783
0.661145 1.74231
0.662913 1.74008
0.66468 1.73989
0.666448 1.72973
0.668216 1.73106
0.669984 1.72353
0.671751 1.71944
0.673519 1.7101
0.675287 1.71038
0.677055 1.70469
0.678823 1.70389
0.68059 1.69814
0.682358 1.69033
0.684126 1.68442
0.685894 1.68123
0.687661 1.68007
0.689429 1.66867
0.691197 1.67103
0.692965 1.6636
0.694732 1.65831
0.6965 1.65697
0.698268 1.64644
0.700036 1.64682
0.701803 1.63581
0.703571 1.63385
0.705339 1.62736
0.707107 1.62185
0.708875 1.61954
0.710642 1.61249
0.71241 1.60827
0.714178 1.60402
0.715946 1.5974
0.717713 1.59429
0.719481 1.58936
0.721249 1.58133
0.723017 1.57674
0.724784 1.56978
0.726552 1.5604
0.72832 1.55967
0.730088 1.55702
0.731856 1.55022
0.733623 1.54257
0.735391 1.53772
0.737159 1.53386
0.738927 1.52488
0.740694 1.52087
0.742462 1.516
0.74423 1.50887
0.745998 1.50458
0.747765 1.4976
0.749533 1.49311
0.751301 1.48499
0.753069 1.47664
0.754836 1.47292
0.756604 1.47395
0.758372 1.46103
0.76014 1.45681
0.761908 1.45087
0.763675 1.44247
0.765443 1.43688
0.767211 1.43064
0.768979 1.42674
0.770746 1.41967
0.772514 1.40988
0.774282 1.40638
0.77605 1.40437
0.777817 1.396
0.779585 1.38688
0.781353 1.38137
0.783121 1.37423
0.784889 1.36827
0.786656 1.35963
0.788424 1.357
0.790192 1.34854
0.79196 1.34416
0.793727 1.33818
0.795495 1.32861
0.797263 1.32525
0.799031 1.31901
0.800798 1.30532
0.802566 1.29965
0.804334 1.29628
0.806102 1.29016
0.807869 1.2851
0.809637 1.27569
0.811405 1.26457
0.813173 1.25842
0.814941 1.2546
0.816708 1.248
0.818476 1.2408
0.820244 1.23521
0.822012 1.22809
0.823779 1.21933
0.825547 1.21142
0.827315 1.20601
0.829083 1.19693
0.83085 1.19115
0.832618 1.18672
0.834386 1.17735
0.836154 1.1703
0.837922 1.16295
0.839689 1.15524
0.841457 1.14568
0.843225 1.13739
0.844993 1.13298
0.84676 1.12902
0.848528 1.11889
0.850296 1.11221
0.852064 1.10046
0.853831 1.09524
0.855599 1.08533
0.857367 1.07859
0.859135 1.075
0.860902 1.06569
0.86267 1.05925
0.864438 1.05113
0.866206 1.04135
0.867974 1.03567
0.869741 1.02532
0.871509 1.02041
0.873277 1.00881
0.875045 1.00437
0.876812 0.996723
0.87858 0.986868
0.880348 0.982713
0.882116 0.972905
0.883883 0.961003
0.885651 0.955621
0.887419 0.949271
0.889187 0.941142
0.890954 0.934894
0.892722 0.924719
0.89449 0.916974
0.896258 0.908857
0.898026 0.899159
0.899793 0.889492
0.901561 0.883403
0.903329 0.872446
0.905097 0.865694
0.906864 0.864525
0.908632 0.85235
0.9104 0.842357
0.912168 0.8363
0.913935 0.825429
0.915703 0.819766
0.917471 0.807388
0.919239 0.798909
0.921007 0.79324
0.922774 0.785264
0.924542 0.773303
0.92631 0.766689
0.928078 0.757215
0.929845 0.752276
0.931613 0.743263
0.933381 0.732871
0.935149 0.726148
0.936916 0.717079
0.938684 0.705664
0.940452 0.699484
0.94222 0.691331
0.943988 0.681355
0.945755 0.673026
0.947523 0.663688
0.949291 0.656213
0.951059 0.645256
0.952826 0.638739
0.954594 0.626725
0.956362 0.621535
0.95813 0.613082
0.959897 0.60109
0.961665 0.594149
0.963433 0.584937
0.965201 0.576123
0.966968 0.567275
0.968736 0.554489
0.970504 0.549545
0.972272 0.539481
0.97404 0.531255
0.975807 0.521875
0.977575 0.511887
0.979343 0.502909
0.981111 0.494037
0.982878 0.486284
0.984646 0.476225
0.986414 0.464787
0.988182 0.460962
0.989949 0.447906
0.991717 0.437998
0.993485 0.429343
0.995253 0.420286
0.997021 0.411335
0.998788 0.400149
1.00056 0.39468
1.00232 0.385722
1.00409 0.379037
1.00586 0.37109
1.00763 0.362702
1.00939 0.355921
1.01116 0.351411
1.01293 0.345114
1.0147 0.3366
1.01647 0.331072
1.01823 0.325385
1.02 0.319223
1.02177 0.314455
1.02354 0.308093
1.0253 0.303307
1.02707 0.298745
1.02884 0.290158
1.03061 0.288244
1.03238 0.281374
1.03414 0.275526
1.03591 0.272466
1.03768 0.269249
1.03945 0.263195
1.04121 0.25939
1.04298 0.253137
1.04475 0.248795
1.04652 0.24479
1.04829 0.239738
1.05005 0.236479
1.05182 0.232198
1.05359 0.228579
1.05536 0.224465
1.05712 0.220073
1.05889 0.215673
1.06066 0.213013
1.06243 0.208841
1.0642 0.204836
1.06596 0.200239
1.06773 0.198281
1.0695 0.193939
1.07127 0.190856
1.07303 0.186881
1.0748 0.184676
1.07657 0.180249
1.07834 0.178194
1.08011 0.172812
1.08187 0.170678
1.08364 0.167942
1.08541 0.165593
1.08718 0.161454
1.08894 0.158923
1.09071 0.15584
1.09248 0.153861
1.09425 0.150153
1.09602 0.146005
1.09778 0.145127
1.09955 0.142447
1.10132 0.138921
1.10309 0.135468
1.10485 0.134787
1.10662 0.130789
1.10839 0.128549
1.11016 0.126764
1.11193 0.123358
1.11369 0.122075
1.11546 0.119183
1.11723 0.117175
1.119 0.113831
1.12076 0.111168
1.12253 0.109932
1.1243 0.108714
1.12607 0.105667
1.12784 0.103576
1.1296 0.101551
1.13137 0.0992314
1.13314 0.0971968
1.13491 0.0951564
1.13667 0.0923116
1.13844 0.0915042
1.14021 0.0897457
1.14198 0.0879489
1.14375 0.0863401
1.14551 0.0838035
1.14728 0.0825411
1.14905 0.079984
1.15082 0.0787744
1.15258 0.0767311
1.15435 0.0755979
1.15612 0.0737483
1.15789 0.0719897
1.15966 0.0709827
1.16142 0.0688219
1.16319 0.0675566
1.16496 0.0650964
1.16673 0.0642949
1.16849 0.0630207
1.17026 0.0612269
1.17203 0.0594595
1.1738 0.0585729
1.17557 0.0570463
1.17733 0.0559453
1.1791 0.0546213
1.18087 0.0534646
1.18264 0.0516209
1.1844 0.051066
1.18617 0.0494571
1.18794 0.0481977
1.18971 0.047129
1.19147 0.046533
1.19324 0.0447627
1.19501 0.0435297
1.19678 0.0420119
1.19855 0.0408228
1.20031 0.0406702
1.20208 0.0390995
1.20385 0.0385945
1.20562 0.0378195
1.20738 0.0369622
1.20915 0.0350745
1.21092 0.0342172
1.21269 0.033037
1.21446 0.0326876
1.21622 0.031252
1.21799 0.0306061
1.21976 0.0301892
1.22153 0.029147
1.22329 0.028322
1.22506 0.0275382
1.22683 0.0267455
1.2286 0.0256269
1.23037 0.0246434
1.23213 0.0241561
1.2339 0.0233252
1.23567 0.0231227
1.23744 0.0223652
1.2392 0.021188
1.24097 0.0204511
1.24274 0.0208034
1.24451 0.0196643
1.24628 0.0190096
1.24804 0.0184018
1.24981 0.0175387
1.25158 0.0169427
1.25335 0.0166374
1.25511 0.0158653
1.25688 0.0152018
1.25865 0.0151166
1.26042 0.0145265
1.26219 0.0141361
1.26395 0.0135783
1.26572 0.0129206
1.26749 0.0123716
1.26926 0.0119724
1.27102 0.0116377
1.27279 0.0110622
1.27456 0.0107716
1.27633 0.0100406
1.2781 0.00963542
1.27986 0.00949157
1.28163 0.00931542
1.2834 0.00869008
1.28517 0.00830255
1.28693 0.00781227
1.2887 0.00781227
1.29047 0.00744235
1.29224 0.00685812
1.29401 0.00684638
1.29577 0.00638839
1.29754 0.00605664
1.29931 0.00591572
1.30108 0.00550763
1.30284 0.00535203
1.30461 0.0051201
1.30638 0.00479716
1.30815 0.00449771
1.30992 0.00441844
1.31168 0.00431862
1.31345 0.00364044
1.31522 0.00374026
1.31699 0.00364044
1.31875 0.00332337
1.32052 0.00296813
1.32229 0.00305327
1.32406 0.00269216
1.32583 0.00265693
1.32759 0.00242794
1.32936 0.00228702
1.33113 0.00222243
1.3329 0.00216078
1.33466 0.00180261
1.33643 0.00166756
1.3382 0.00167636
1.33997 0.00139452
1.34174 0.00140627
1.3435 0.00133581
1.34527 0.00129177
1.34704 0.00118901
1.34881 0.00109213
1.35057 0.000948276
1.35234 0.000869008
1.35411 0.000827907
1.35588 0.000716345
1.35765 0.00064882
1.35941 0.000604783
1.36118 0.000622398
1.36295 0.000455055
1.36472 0.000419825
1.36648 0.000369916
1.36825 0.000375787
1.37002 0.000337621
1.37179 0.00029652
1.37355 0.00019083
1.37532 0.000199637
1.37709 0.000179086
1.37886 0.000123305
1.38063 0.000111562
1.38239 0.000111562
1.38416 0.000114498
1.38593 6.45885e-005
1.3877 6.16526e-005
1.38946 4.40376e-005
1.39123 2.34867e-005
1.393 6.16526e-005
1.39477 8.80752e-006
1.39654 3.22942e-005
1.3983 2.93584e-005
1.40007 5.87168e-006
1.40184 0
1.40361 0
1.40537 0
1.40714 0
1.40891 0
1.41068 0
1.41245 0
