0 1.87123
0.00125 1.87784
0.0025 1.87376
0.00375 1.86905
0.005 1.86298
0.00625 1.86468
0.0075 1.85116
0.00875 1.87191
0.01 1.86437
0.01125 1.86065
0.0125 1.86413
0.01375 1.85566
0.015 1.85983
0.01625 1.85819
0.0175 1.84619
0.01875 1.85501
0.02 1.8593
0.02125 1.86444
0.0225 1.86167
0.02375 1.85788
0.025 1.86347
0.02625 1.86928
0.0275 1.87388
0.02875 1.87059
0.03 1.86936
0.03125 1.88648
0.0325 1.88777
0.03375 1.88869
0.035 1.9004
0.03625 1.90888
0.0375 1.92739
0.03875 1.93462
0.04 1.93983
0.04125 1.95167
0.0425 1.9572
0.04375 1.96851
0.045 1.98205
0.04625 1.99468
0.0475 1.99922
0.04875 1.99655
0.05 2.00745
0.05125 2.00833
0.0525 1.99225
0.05375 2.0012
0.055 1.99349
0.05625 1.97726
0.0575 1.97705
0.05875 1.95502
0.06 1.9309
0.06125 1.89912
0.0625 1.89099
0.06375 1.86796
0.065 1.85086
0.06625 1.82603
0.0675 1.81088
0.06875 1.80262
0.07 1.79229
0.07125 1.77163
0.0725 1.77735
0.07375 1.7804
0.075 1.76702
0.07625 1.77406
0.0775 1.77788
0.07875 1.77611
0.08 1.78211
0.08125 1.78241
0.0825 1.79484
0.08375 1.79768
0.085 1.80348
0.08625 1.81057
0.0875 1.81374
0.08875 1.82371
0.09 1.83811
0.09125 1.83599
0.0925 1.85302
0.09375 1.85153
0.095 1.85849
0.09625 1.8549
0.0975 1.86284
0.09875 1.86096
0.1 1.85535
0.10125 1.85829
0.1025 1.86509
0.10375 1.85582
0.105 1.84749
0.10625 1.84035
0.1075 1.83178
0.10875 1.82359
0.11 1.81397
0.11125 1.80545
0.1125 1.80005
0.11375 1.79315
0.115 1.77642
0.11625 1.76587
0.1175 1.75612
0.11875 1.74599
0.12 1.73307
0.12125 1.72582
0.1225 1.72398
0.12375 1.71916
0.125 1.71525
0.12625 1.7113
0.1275 1.70276
0.12875 1.6985
0.13 1.69744
0.13125 1.6982
0.1325 1.70645
0.13375 1.69772
0.135 1.70148
0.13625 1.70334
0.1375 1.71089
0.13875 1.71436
0.14 1.71916
0.14125 1.71938
0.1425 1.72226
0.14375 1.73254
0.145 1.72558
0.14625 1.7398
0.1475 1.72757
0.14875 1.73404
0.15 1.72658
0.15125 1.7311
0.1525 1.7262
0.15375 1.72963
0.155 1.73114
0.15625 1.7172
0.1575 1.71057
0.15875 1.71381
0.16 1.71357
0.16125 1.70591
0.1625 1.69456
0.16375 1.68826
0.165 1.68209
0.16625 1.67565
0.1675 1.66747
0.16875 1.66312
0.17 1.65728
0.17125 1.6401
0.1725 1.64746
0.17375 1.64156
0.175 1.63173
0.17625 1.62658
0.1775 1.62878
0.17875 1.62796
0.18 1.62421
0.18125 1.61563
0.1825 1.62091
0.18375 1.61861
0.185 1.60735
0.18625 1.61425
0.1875 1.61207
0.18875 1.60687
0.19 1.61224
0.19125 1.61393
0.1925 1.62108
0.19375 1.61911
0.195 1.61815
0.19625 1.61317
0.1975 1.61447
0.19875 1.61384
0.2 1.61254
0.20125 1.6175
0.2025 1.60773
0.20375 1.61315
0.205 1.61317
0.20625 1.6137
0.2075 1.60815
0.20875 1.60165
0.21 1.60069
0.21125 1.58704
0.2125 1.58792
0.21375 1.5746
0.215 1.5812
0.21625 1.57455
0.2175 1.57224
0.21875 1.57184
0.22 1.56819
0.22125 1.55032
0.2225 1.55466
0.22375 1.5551
0.225 1.54129
0.22625 1.54286
0.2275 1.5361
0.22875 1.53683
0.23 1.53284
0.23125 1.52704
0.2325 1.53481
0.23375 1.52541
0.235 1.52778
0.23625 1.52026
0.2375 1.51863
0.23875 1.51695
0.24 1.5161
0.24125 1.51048
0.2425 1.5215
0.24375 1.51906
0.245 1.50941
0.24625 1.50557
0.2475 1.50581
0.24875 1.50439
0.25 1.50356
0.25125 1.50109
0.2525 1.50053
0.25375 1.49802
0.255 1.5
0.25625 1.49805
0.2575 1.49534
0.25875 1.49115
0.26 1.49418
0.26125 1.49339
0.2625 1.48672
0.26375 1.4806
0.265 1.48054
0.26625 1.47809
0.2675 1.47937
0.26875 1.46785
0.27 1.46746
0.27125 1.45926
0.2725 1.45748
0.27375 1.45373
0.275 1.44188
0.27625 1.44094
0.2775 1.44545
0.27875 1.44079
0.28 1.43897
0.28125 1.43425
0.2825 1.43595
0.28375 1.42162
0.285 1.42383
0.28625 1.43225
0.2875 1.42611
0.28875 1.42403
0.29 1.4278
0.29125 1.41637
0.2925 1.4171
0.29375 1.41609
0.295 1.40731
0.29625 1.40722
0.2975 1.40773
0.29875 1.40012
0.3 1.40014
0.30125 1.39617
0.3025 1.39821
0.30375 1.38673
0.305 1.39471
0.30625 1.39154
0.3075 1.38707
0.30875 1.39107
0.31 1.38653
0.31125 1.38288
0.3125 1.38093
0.31375 1.37551
0.315 1.37655
0.31625 1.37426
0.3175 1.37404
0.31875 1.364
0.32 1.36967
0.32125 1.36243
0.3225 1.35591
0.32375 1.35586
0.325 1.34948
0.32625 1.34788
0.3275 1.34915
0.32875 1.34916
0.33 1.33674
0.33125 1.33502
0.3325 1.33581
0.33375 1.33227
0.335 1.32933
0.33625 1.33366
0.3375 1.32165
0.33875 1.32292
0.34 1.32503
0.34125 1.31862
0.3425 1.31108
0.34375 1.30689
0.345 1.31298
0.34625 1.30629
0.3475 1.30672
0.34875 1.30617
0.35 1.30267
0.35125 1.29821
0.3525 1.29867
0.35375 1.29006
0.355 1.29457
0.35625 1.28587
0.3575 1.28738
0.35875 1.29064
0.36 1.28597
0.36125 1.28179
0.3625 1.27182
0.36375 1.27223
0.365 1.26909
0.36625 1.27085
0.3675 1.26737
0.36875 1.26466
0.37 1.26212
0.37125 1.2609
0.3725 1.25579
0.37375 1.25534
0.375 1.25828
0.37625 1.25628
0.3775 1.24769
0.37875 1.2414
0.38 1.24003
0.38125 1.24009
0.3825 1.23727
0.38375 1.23618
0.385 1.22855
0.38625 1.23034
0.3875 1.226
0.38875 1.22115
0.39 1.21766
0.39125 1.21747
0.3925 1.21661
0.39375 1.22063
0.395 1.21342
0.39625 1.2082
0.3975 1.20356
0.39875 1.20221
0.4 1.20578
0.40125 1.20437
0.4025 1.19709
0.40375 1.19268
0.405 1.19621
0.40625 1.18777
0.4075 1.18064
0.40875 1.18995
0.41 1.18523
0.41125 1.17932
0.4125 1.17545
0.41375 1.17639
0.415 1.17315
0.41625 1.16527
0.4175 1.16346
0.41875 1.16492
0.42 1.16196
0.42125 1.16259
0.4225 1.15841
0.42375 1.15011
0.425 1.15133
0.42625 1.15415
0.4275 1.14906
0.42875 1.14405
0.43 1.13408
0.43125 1.1438
0.4325 1.13263
0.43375 1.13475
0.435 1.13603
0.43625 1.13115
0.4375 1.12598
0.43875 1.12332
0.44 1.11743
0.44125 1.12157
0.4425 1.11507
0.44375 1.11064
0.445 1.11235
0.44625 1.11032
0.4475 1.10728
0.44875 1.10526
0.45 1.1029
0.45125 1.09322
0.4525 1.09933
0.45375 1.09263
0.455 1.09443
0.45625 1.09029
0.4575 1.08359
0.45875 1.09053
0.46 1.07884
0.46125 1.07361
0.4625 1.07972
0.46375 1.074
0.465 1.07207
0.46625 1.07182
0.4675 1.06639
0.46875 1.06541
0.47 1.06879
0.47125 1.06197
0.4725 1.05555
0.47375 1.05419
0.475 1.05048
0.47625 1.04479
0.4775 1.04138
0.47875 1.04618
0.48 1.04066
0.48125 1.03457
0.4825 1.03317
0.48375 1.0332
0.485 1.03392
0.48625 1.02529
0.4875 1.02738
0.48875 1.02744
0.49 1.018
0.49125 1.0209
0.4925 1.0176
0.49375 1.01558
0.495 1.0046
0.49625 1.01172
0.4975 1.00568
0.49875 1.00654
0.5 0.998045
0.50125 0.998597
0.5025 0.995586
0.50375 0.994109
0.505 0.995443
0.50625 0.989499
0.5075 0.992521
0.50875 0.980601
0.51 0.977568
0.51125 0.980876
0.5125 0.976532
0.51375 0.976322
0.515 0.976366
0.51625 0.967027
0.5175 0.967368
0.51875 0.965262
0.52 0.958293
0.52125 0.954897
0.5225 0.959275
0.52375 0.959396
0.525 0.95461
0.52625 0.947266
0.5275 0.939459
0.52875 0.944223
0.53 0.944366
0.53125 0.93743
0.5325 0.935931
0.53375 0.936559
0.535 0.933935
0.53625 0.928918
0.5375 0.930682
0.53875 0.920614
0.54 0.92089
0.54125 0.919082
0.5425 0.915134
0.54375 0.918585
0.545 0.907768
0.54625 0.907073
0.5475 0.904967
0.54875 0.903457
0.55 0.89619
0.55125 0.900413
0.5525 0.901791
0.55375 0.893025
0.555 0.894304
0.55625 0.888813
0.5575 0.885262
0.55875 0.885075
0.56 0.878701
0.56125 0.875713
0.5625 0.878602
0.56375 0.872493
0.565 0.86795
0.56625 0.867321
0.5675 0.863958
0.56875 0.867619
0.57 0.860584
0.57125 0.860011
0.5725 0.857221
0.57375 0.860882
0.575 0.852281
0.57625 0.844187
0.5775 0.84637
0.57875 0.841816
0.58 0.846205
0.58125 0.83907
0.5825 0.836413
0.58375 0.833899
0.585 0.83531
0.58625 0.831021
0.5875 0.819277
0.58875 0.823798
0.59 0.821075
0.59125 0.815153
0.5925 0.811823
0.59375 0.81297
0.595 0.814381
0.59625 0.811161
0.5975 0.800201
0.59875 0.802042
0.6 0.800575
0.60125 0.801436
0.6025 0.793783
0.60375 0.798403
0.605 0.790508
0.60625 0.789218
0.6075 0.78591
0.60875 0.781929
0.61 0.778092
0.61125 0.778478
0.6125 0.777728
0.61375 0.769491
0.615 0.773218
0.61625 0.770141
0.6175 0.768366
0.61875 0.764396
0.62 0.759599
0.62125 0.757791
0.6225 0.756578
0.62375 0.74994
0.625 0.750326
0.62625 0.75284
0.6275 0.74693
0.62875 0.748176
0.63 0.737645
0.63125 0.741085
0.6325 0.734822
0.63375 0.735495
0.635 0.727412
0.63625 0.729871
0.6375 0.729452
0.63875 0.720818
0.64 0.721865
0.64125 0.719484
0.6425 0.72342
0.64375 0.718822
0.645 0.708832
0.64625 0.706847
0.6475 0.705921
0.64875 0.705932
0.65 0.69861
0.65125 0.700286
0.6525 0.692258
0.65375 0.689777
0.655 0.691872
0.65625 0.687814
0.6575 0.684826
0.65875 0.685609
0.66 0.681055
0.66125 0.672895
0.6625 0.676027
0.66375 0.673788
0.665 0.673942
0.66625 0.66822
0.6675 0.663621
0.66875 0.664978
0.67 0.65749
0.67125 0.659188
0.6725 0.651271
0.67375 0.656024
0.675 0.652506
0.67625 0.649
0.6775 0.648989
0.67875 0.643442
0.68 0.641446
0.68125 0.639737
0.6825 0.637951
0.68375 0.634235
0.685 0.6359
0.68625 0.632084
0.6875 0.626968
0.68875 0.620859
0.69 0.624443
0.69125 0.623164
0.6925 0.618576
0.69375 0.614353
0.695 0.612104
0.69625 0.607825
0.6975 0.603525
0.69875 0.604341
0.7 0.599312
0.70125 0.595299
0.7025 0.598982
0.70375 0.592597
0.705 0.586962
0.70625 0.590513
0.7075 0.582871
0.70875 0.579684
0.71 0.580589
0.71125 0.574888
0.7125 0.570323
0.71375 0.568878
0.715 0.570256
0.71625 0.565162
0.7175 0.561744
0.71875 0.56353
0.72 0.557498
0.72125 0.556352
0.7225 0.558292
0.72375 0.556715
0.725 0.550948
0.72625 0.54936
0.7275 0.544928
0.72875 0.544244
0.73 0.542777
0.73125 0.540186
0.7325 0.541752
0.73375 0.536591
0.735 0.532302
0.73625 0.526866
0.7375 0.523789
0.73875 0.529876
0.74 0.522686
0.74125 0.523094
0.7425 0.518077
0.74375 0.520316
0.745 0.511957
0.74625 0.507161
0.7475 0.508142
0.74875 0.503875
0.75 0.49921
0.75125 0.497523
0.7525 0.492054
0.75375 0.487202
0.755 0.492263
0.75625 0.483916
0.7575 0.483034
0.75875 0.480928
0.76 0.477917
0.76125 0.474003
0.7625 0.472503
0.76375 0.46721
0.765 0.469063
0.76625 0.466791
0.7675 0.460539
0.76875 0.458223
0.77 0.459635
0.77125 0.454871
0.7725 0.452677
0.77375 0.453063
0.775 0.447295
0.77625 0.446457
0.7775 0.446226
0.77875 0.444054
0.78 0.442433
0.78125 0.44079
0.7825 0.439974
0.78375 0.437702
0.785 0.430204
0.78625 0.434383
0.7875 0.426212
0.78875 0.426058
0.79 0.426256
0.79125 0.420313
0.7925 0.421614
0.79375 0.417324
0.795 0.41438
0.79625 0.407698
0.7975 0.406342
0.79875 0.403563
0.8 0.404875
0.80125 0.398623
0.8025 0.398843
0.80375 0.390584
0.805 0.389338
0.80625 0.387022
0.8075 0.384585
0.80875 0.379326
0.81 0.374264
0.81125 0.376414
0.8125 0.371144
0.81375 0.370515
0.815 0.364494
0.81625 0.361727
0.8175 0.362289
0.81875 0.358022
0.82 0.353071
0.82125 0.352343
0.8225 0.35113
0.82375 0.348219
0.825 0.347888
0.82625 0.345594
0.8275 0.340897
0.82875 0.34362
0.83 0.342264
0.83125 0.33911
0.8325 0.339055
0.83375 0.330796
0.835 0.333597
0.83625 0.326782
0.8375 0.3288
0.83875 0.326915
0.84 0.330642
0.84125 0.323
0.8425 0.321214
0.84375 0.319835
0.845 0.317663
0.84625 0.312139
0.8475 0.308809
0.84875 0.305445
0.85 0.304464
0.85125 0.300869
0.8525 0.301101
0.85375 0.296315
0.855 0.289081
0.85625 0.286843
0.8575 0.284086
0.85875 0.281032
0.86 0.28123
0.86125 0.275783
0.8625 0.273831
0.86375 0.269994
0.865 0.264392
0.86625 0.261316
0.8675 0.257919
0.86875 0.253773
0.87 0.252836
0.87125 0.254115
0.8725 0.246694
0.87375 0.251546
0.875 0.243452
0.87625 0.240728
0.8775 0.237795
0.87875 0.239791
0.88 0.235347
0.88125 0.235932
0.8825 0.234333
0.88375 0.235634
0.885 0.231752
0.88625 0.228886
0.8875 0.22807
0.88875 0.228092
0.89 0.221597
0.89125 0.222336
0.8925 0.219226
0.89375 0.219457
0.895 0.217473
0.89625 0.215819
0.8975 0.213194
0.89875 0.209081
0.9 0.20531
0.90125 0.202024
0.9025 0.197955
0.90375 0.197613
0.905 0.191504
0.90625 0.188053
0.9075 0.188582
0.90875 0.184701
0.91 0.181988
0.91125 0.17578
0.9125 0.17492
0.91375 0.168458
0.915 0.166352
0.91625 0.160827
0.9175 0.158027
0.91875 0.155976
0.92 0.152557
0.92125 0.150374
0.9225 0.148047
0.92375 0.146625
0.925 0.142898
0.92625 0.137891
0.9275 0.13777
0.92875 0.136954
0.93 0.134738
0.93125 0.132841
0.9325 0.132643
0.93375 0.128563
0.935 0.130492
0.93625 0.127923
0.9375 0.1237
0.93875 0.123667
0.94 0.124946
0.94125 0.121682
0.9425 0.120293
0.94375 0.118661
0.945 0.1135
0.94625 0.112276
0.9475 0.111085
0.94875 0.109409
0.95 0.10448
0.95125 0.103862
0.9525 0.0986357
0.95375 0.0960664
0.955 0.0924827
0.95625 0.0888989
0.9575 0.0851829
0.95875 0.0816873
0.96 0.0793827
0.96125 0.0766921
0.9625 0.0745309
0.96375 0.0698444
0.965 0.0671649
0.96625 0.0630739
0.9675 0.0617066
0.96875 0.0608796
0.97 0.0579133
0.97125 0.0530394
0.9725 0.0517934
0.97375 0.0492572
0.975 0.0468864
0.97625 0.0457727
0.9775 0.0419794
0.97875 0.0385501
0.98 0.0370173
0.98125 0.0345032
0.9825 0.0322537
0.98375 0.0301696
0.985 0.026641
0.98625 0.0239394
0.9875 0.0221972
0.98875 0.0192971
0.99 0.0172461
0.99125 0.015989
0.9925 0.0119973
0.99375 0.0103212
0.995 0.00843558
0.99625 0.00626328
0.9975 0.00356169
0.99875 0.00115783
