0 1.95374
0.00125 1.95331
0.0025 1.95541
0.00375 1.95387
0.005 1.9429
0.00625 1.94617
0.0075 1.94852
0.00875 1.95495
0.01 1.95482
0.01125 1.96159
0.0125 1.97429
0.01375 1.99728
0.015 1.99798
0.01625 1.98559
0.0175 1.97008
0.01875 1.96182
0.02 1.95547
0.02125 1.95244
0.0225 1.95231
0.02375 1.95232
0.025 1.93744
0.02625 1.95022
0.0275 1.93839
0.02875 1.93877
0.03 1.94142
0.03125 1.94443
0.0325 1.93178
0.03375 1.94076
0.035 1.9413
0.03625 1.93941
0.0375 1.92048
0.03875 1.91929
0.04 1.91881
0.04125 1.92023
0.0425 1.91495
0.04375 1.9005
0.045 1.91502
0.04625 1.90473
0.0475 1.90246
0.04875 1.89798
0.05 1.89855
0.05125 1.89314
0.0525 1.89517
0.05375 1.88885
0.055 1.90077
0.05625 1.89081
0.0575 1.88225
0.05875 1.8845
0.06 1.8874
0.06125 1.87704
0.0625 1.86952
0.06375 1.86918
0.065 1.87414
0.06625 1.86758
0.0675 1.86371
0.06875 1.85857
0.07 1.86089
0.07125 1.85152
0.0725 1.86168
0.07375 1.8525
0.075 1.85534
0.07625 1.84448
0.0775 1.85718
0.07875 1.83463
0.08 1.84023
0.08125 1.83393
0.0825 1.83934
0.08375 1.83214
0.085 1.82417
0.08625 1.8316
0.0875 1.82569
0.08875 1.82205
0.09 1.81976
0.09125 1.81483
0.0925 1.8202
0.09375 1.81458
0.095 1.82074
0.09625 1.81712
0.0975 1.80427
0.09875 1.79559
0.1 1.79778
0.10125 1.79916
0.1025 1.78676
0.10375 1.7971
0.105 1.78939
0.10625 1.79004
0.1075 1.77868
0.10875 1.77737
0.11 1.77854
0.11125 1.78147
0.1125 1.77742
0.11375 1.77229
0.115 1.77104
0.11625 1.77258
0.1175 1.76434
0.11875 1.76298
0.12 1.75897
0.12125 1.75757
0.1225 1.75491
0.12375 1.74746
0.125 1.74839
0.12625 1.74956
0.1275 1.74108
0.12875 1.74662
0.13 1.74069
0.13125 1.7356
0.1325 1.73911
0.13375 1.73721
0.135 1.73533
0.13625 1.72399
0.1375 1.72888
0.13875 1.7241
0.14 1.71106
0.14125 1.71831
0.1425 1.71581
0.14375 1.71808
0.145 1.70619
0.14625 1.70561
0.1475 1.71044
0.14875 1.6947
0.15 1.70304
0.15125 1.69393
0.1525 1.69212
0.15375 1.69915
0.155 1.70024
0.15625 1.69418
0.1575 1.68255
0.15875 1.68795
0.16 1.6751
0.16125 1.67702
0.1625 1.67267
0.16375 1.66602
0.165 1.66639
0.16625 1.66256
0.1675 1.66147
0.16875 1.65747
0.17 1.66332
0.17125 1.65905
0.1725 1.65651
0.17375 1.64674
0.175 1.65782
0.17625 1.64199
0.1775 1.64578
0.17875 1.64449
0.18 1.64128
0.18125 1.6438
0.1825 1.63783
0.18375 1.62622
0.185 1.63253
0.18625 1.62264
0.1875 1.62592
0.18875 1.62951
0.19 1.62588
0.19125 1.62162
0.1925 1.61144
0.19375 1.61997
0.195 1.60724
0.19625 1.60829
0.1975 1.60514
0.19875 1.60648
0.2 1.59192
0.20125 1.59773
0.2025 1.59171
0.20375 1.58558
0.205 1.5935
0.20625 1.58941
0.2075 1.58663
0.20875 1.58334
0.21 1.58035
0.21125 1.58314
0.2125 1.56825
0.21375 1.56543
0.215 1.56767
0.21625 1.56764
0.2175 1.55887
0.21875 1.56943
0.22 1.55726
0.22125 1.5545
0.2225 1.55462
0.22375 1.55693
0.225 1.54556
0.22625 1.54966
0.2275 1.54153
0.22875 1.54154
0.23 1.53899
0.23125 1.53706
0.2325 1.5325
0.23375 1.53347
0.235 1.52264
0.23625 1.52733
0.2375 1.52481
0.23875 1.52014
0.24 1.52337
0.24125 1.51848
0.2425 1.51206
0.24375 1.51719
0.245 1.51138
0.24625 1.50617
0.2475 1.50072
0.24875 1.49782
0.25 1.49225
0.25125 1.50209
0.2525 1.50078
0.25375 1.49969
0.255 1.49104
0.25625 1.48846
0.2575 1.49108
0.25875 1.4864
0.26 1.47945
0.26125 1.47405
0.2625 1.47688
0.26375 1.47301
0.265 1.46983
0.26625 1.46714
0.2675 1.46368
0.26875 1.46494
0.27 1.45901
0.27125 1.46308
0.2725 1.45024
0.27375 1.45046
0.275 1.45198
0.27625 1.44565
0.2775 1.4522
0.27875 1.44317
0.28 1.44466
0.28125 1.43775
0.2825 1.43757
0.28375 1.43562
0.285 1.43547
0.28625 1.4254
0.2875 1.42601
0.28875 1.42289
0.29 1.4188
0.29125 1.40968
0.2925 1.41653
0.29375 1.41134
0.295 1.40079
0.29625 1.41004
0.2975 1.40266
0.29875 1.40259
0.3 1.40201
0.30125 1.40631
0.3025 1.40051
0.30375 1.3908
0.305 1.39371
0.30625 1.38109
0.3075 1.3862
0.30875 1.3881
0.31 1.38653
0.31125 1.37337
0.3125 1.37335
0.31375 1.37446
0.315 1.37266
0.31625 1.36817
0.3175 1.36715
0.31875 1.36768
0.32 1.36057
0.32125 1.35751
0.3225 1.34777
0.32375 1.34838
0.325 1.35161
0.32625 1.34593
0.3275 1.34349
0.32875 1.34061
0.33 1.34081
0.33125 1.34129
0.3325 1.33246
0.33375 1.33005
0.335 1.3342
0.33625 1.33145
0.3375 1.32674
0.33875 1.32063
0.34 1.32157
0.34125 1.31483
0.3425 1.30948
0.34375 1.31337
0.345 1.31412
0.34625 1.30907
0.3475 1.30503
0.34875 1.30861
0.35 1.30154
0.35125 1.30382
0.3525 1.29727
0.35375 1.28974
0.355 1.29415
0.35625 1.28606
0.3575 1.28708
0.35875 1.27404
0.36 1.27309
0.36125 1.27864
0.3625 1.27843
0.36375 1.26949
0.365 1.26763
0.36625 1.2673
0.3675 1.25847
0.36875 1.25778
0.37 1.25402
0.37125 1.25714
0.3725 1.25282
0.37375 1.25702
0.375 1.24602
0.37625 1.24216
0.3775 1.23971
0.37875 1.23953
0.38 1.23572
0.38125 1.23154
0.3825 1.22919
0.38375 1.22803
0.385 1.24073
0.38625 1.22947
0.3875 1.23312
0.38875 1.21857
0.39 1.22508
0.39125 1.2152
0.3925 1.21306
0.39375 1.20261
0.395 1.20822
0.39625 1.20503
0.3975 1.20463
0.39875 1.20278
0.4 1.20669
0.40125 1.19716
0.4025 1.19829
0.40375 1.18278
0.405 1.19161
0.40625 1.18855
0.4075 1.19081
0.40875 1.18417
0.41 1.18193
0.41125 1.17719
0.4125 1.17512
0.41375 1.17312
0.415 1.17524
0.41625 1.16573
0.4175 1.16607
0.41875 1.1646
0.42 1.158
0.42125 1.15906
0.4225 1.15811
0.42375 1.14591
0.425 1.15738
0.42625 1.14503
0.4275 1.14476
0.42875 1.13916
0.43 1.13215
0.43125 1.14715
0.4325 1.13845
0.43375 1.13261
0.435 1.12602
0.43625 1.12877
0.4375 1.13114
0.43875 1.12354
0.44 1.12193
0.44125 1.11231
0.4425 1.11291
0.44375 1.1162
0.445 1.10785
0.44625 1.1089
0.4475 1.10331
0.44875 1.10447
0.45 1.09912
0.45125 1.09465
0.4525 1.09058
0.45375 1.09293
0.455 1.09383
0.45625 1.08709
0.4575 1.08253
0.45875 1.08485
0.46 1.0764
0.46125 1.07523
0.4625 1.07769
0.46375 1.07638
0.465 1.06829
0.46625 1.06332
0.4675 1.06481
0.46875 1.05343
0.47 1.05787
0.47125 1.05847
0.4725 1.05594
0.47375 1.0529
0.475 1.04698
0.47625 1.05024
0.4775 1.0427
0.47875 1.0419
0.48 1.0405
0.48125 1.03564
0.4825 1.03551
0.48375 1.02888
0.485 1.02996
0.48625 1.02592
0.4875 1.02631
0.48875 1.02116
0.49 1.01937
0.49125 1.01878
0.4925 1.00958
0.49375 1.00841
0.495 1.00851
0.49625 1.00704
0.4975 1.00464
0.49875 1.00809
0.5 0.99831
0.50125 0.994462
0.5025 0.991087
0.50375 0.990591
0.505 0.983765
0.50625 0.986666
0.5075 0.98478
0.50875 0.986258
0.51 0.977932
0.51125 0.974723
0.5125 0.975176
0.51375 0.974922
0.515 0.966718
0.51625 0.965736
0.5175 0.960951
0.51875 0.960576
0.52 0.955371
0.52125 0.960003
0.5225 0.948832
0.52375 0.947233
0.525 0.951435
0.52625 0.946186
0.5275 0.945778
0.52875 0.938125
0.53 0.942999
0.53125 0.938875
0.5325 0.934442
0.53375 0.931421
0.535 0.930936
0.53625 0.92991
0.5375 0.924419
0.53875 0.920835
0.54 0.914296
0.54125 0.918155
0.5425 0.919137
0.54375 0.908077
0.545 0.905011
0.54625 0.902321
0.5475 0.907559
0.54875 0.897337
0.55 0.904438
0.55125 0.894734
0.5525 0.890875
0.55375 0.893532
0.555 0.891349
0.55625 0.884733
0.5575 0.883575
0.55875 0.878624
0.56 0.879649
0.56125 0.882649
0.5625 0.871269
0.56375 0.867222
0.565 0.870574
0.56625 0.866031
0.5675 0.864223
0.56875 0.86623
0.57 0.857221
0.57125 0.857044
0.5725 0.855247
0.57375 0.852148
0.575 0.845731
0.57625 0.845742
0.5775 0.838927
0.57875 0.842114
0.58 0.838707
0.58125 0.838045
0.5825 0.832939
0.58375 0.826996
0.585 0.833645
0.58625 0.827294
0.5875 0.822706
0.58875 0.819431
0.59 0.812882
0.59125 0.813918
0.5925 0.813995
0.59375 0.809243
0.595 0.807908
0.59625 0.807324
0.5975 0.810202
0.59875 0.799605
0.6 0.796253
0.60125 0.798855
0.6025 0.796099
0.60375 0.790409
0.605 0.784509
0.60625 0.786924
0.6075 0.783848
0.60875 0.785678
0.61 0.77915
0.61125 0.780749
0.6125 0.769777
0.61375 0.778147
0.615 0.766569
0.61625 0.768631
0.6175 0.766403
0.61875 0.763757
0.62 0.76229
0.62125 0.753579
0.6225 0.755784
0.62375 0.753314
0.625 0.749499
0.62625 0.745397
0.6275 0.739266
0.62875 0.737292
0.63 0.741118
0.63125 0.735936
0.6325 0.7348
0.63375 0.734646
0.635 0.726739
0.63625 0.727258
0.6375 0.7203
0.63875 0.717377
0.64 0.714797
0.64125 0.71655
0.6425 0.714378
0.64375 0.713628
0.645 0.703362
0.64625 0.703031
0.6475 0.701686
0.64875 0.703892
0.65 0.695787
0.65125 0.695743
0.6525 0.69163
0.65375 0.687197
0.655 0.685664
0.65625 0.683249
0.6575 0.684142
0.65875 0.677978
0.66 0.677206
0.66125 0.675431
0.6625 0.675806
0.66375 0.672807
0.665 0.67005
0.66625 0.666014
0.6675 0.662342
0.66875 0.658196
0.67 0.655142
0.67125 0.655307
0.6725 0.653432
0.67375 0.645978
0.675 0.648845
0.67625 0.643111
0.6775 0.641082
0.67875 0.64321
0.68 0.641027
0.68125 0.636727
0.6825 0.631301
0.68375 0.633352
0.685 0.633805
0.68625 0.623009
0.6875 0.617738
0.68875 0.618312
0.69 0.622259
0.69125 0.615114
0.6925 0.61153
0.69375 0.610725
0.695 0.60294
0.69625 0.61131
0.6975 0.604969
0.69875 0.603073
0.7 0.595243
0.70125 0.591715
0.7025 0.59102
0.70375 0.590921
0.705 0.588285
0.70625 0.589543
0.7075 0.584768
0.70875 0.579662
0.71 0.579464
0.71125 0.57502
0.7125 0.57008
0.71375 0.56922
0.715 0.565658
0.71625 0.568305
0.7175 0.561247
0.71875 0.567224
0.72 0.558358
0.72125 0.552834
0.7225 0.555106
0.72375 0.55215
0.725 0.544828
0.72625 0.545049
0.7275 0.543682
0.72875 0.542403
0.73 0.535643
0.73125 0.536007
0.7325 0.529512
0.73375 0.533416
0.735 0.526391
0.73625 0.526425
0.7375 0.523436
0.73875 0.524208
0.74 0.517427
0.74125 0.517713
0.7425 0.514957
0.74375 0.512586
0.745 0.505716
0.74625 0.504679
0.7475 0.506819
0.74875 0.49781
0.75 0.503742
0.75125 0.49502
0.7525 0.499012
0.75375 0.493123
0.755 0.482912
0.75625 0.483111
0.7575 0.479935
0.75875 0.478259
0.76 0.477994
0.76125 0.473264
0.7625 0.474223
0.76375 0.471213
0.765 0.466637
0.76625 0.465225
0.7675 0.464519
0.76875 0.461222
0.77 0.459568
0.77125 0.453658
0.7725 0.452721
0.77375 0.45207
0.775 0.448056
0.77625 0.443458
0.7775 0.444715
0.77875 0.441275
0.78 0.436544
0.78125 0.434129
0.7825 0.433071
0.78375 0.433765
0.785 0.427315
0.78625 0.423797
0.7875 0.423169
0.78875 0.423444
0.79 0.41835
0.79125 0.410896
0.7925 0.411899
0.79375 0.412417
0.795 0.405162
0.79625 0.407003
0.7975 0.400795
0.79875 0.399031
0.8 0.399979
0.80125 0.398292
0.8025 0.393164
0.80375 0.393594
0.805 0.39215
0.80625 0.386184
0.8075 0.38335
0.80875 0.380693
0.81 0.376679
0.81125 0.372555
0.8125 0.377462
0.81375 0.369313
0.815 0.369898
0.81625 0.368266
0.8175 0.368707
0.81875 0.357735
0.82 0.359224
0.82125 0.357713
0.8225 0.356566
0.82375 0.350424
0.825 0.350248
0.82625 0.347524
0.8275 0.342705
0.82875 0.343014
0.83 0.338669
0.83125 0.339441
0.8325 0.331425
0.83375 0.327995
0.835 0.32912
0.83625 0.325459
0.8375 0.325106
0.83875 0.322559
0.84 0.316186
0.84125 0.316042
0.8425 0.312072
0.84375 0.308412
0.845 0.310187
0.84625 0.307066
0.8475 0.302391
0.84875 0.298157
0.85 0.302314
0.85125 0.293977
0.8525 0.293878
0.85375 0.288927
0.855 0.288927
0.85625 0.286887
0.8575 0.286644
0.85875 0.280679
0.86 0.277613
0.86125 0.27811
0.8625 0.275055
0.86375 0.268075
0.865 0.26716
0.86625 0.269001
0.8675 0.264017
0.86875 0.261702
0.87 0.258239
0.87125 0.255515
0.8725 0.251248
0.87375 0.250046
0.875 0.247973
0.87625 0.242713
0.8775 0.24246
0.87875 0.238159
0.88 0.236582
0.88125 0.236968
0.8825 0.234575
0.88375 0.229889
0.885 0.228533
0.88625 0.224232
0.8875 0.223659
0.88875 0.21927
0.89 0.216061
0.89125 0.212654
0.8925 0.212092
0.89375 0.210647
0.895 0.208177
0.89625 0.206545
0.8975 0.201759
0.89875 0.201715
0.9 0.199411
0.90125 0.195717
0.9025 0.194448
0.90375 0.188483
0.905 0.187854
0.90625 0.187347
0.9075 0.184756
0.90875 0.177467
0.91 0.177412
0.91125 0.176144
0.9125 0.171149
0.91375 0.17063
0.915 0.168304
0.91625 0.165635
0.9175 0.161732
0.91875 0.159206
0.92 0.158556
0.92125 0.157497
0.9225 0.150561
0.92375 0.151124
0.925 0.146735
0.92625 0.145125
0.9275 0.14239
0.92875 0.13949
0.93 0.135929
0.93125 0.137858
0.9325 0.132764
0.93375 0.129544
0.935 0.129059
0.93625 0.12596
0.9375 0.12456
0.93875 0.120811
0.94 0.118462
0.94125 0.116411
0.9425 0.115231
0.94375 0.110909
0.945 0.109321
0.94625 0.106068
0.9475 0.101481
0.94875 0.101602
0.95 0.0986798
0.95125 0.0942911
0.9525 0.0926591
0.95375 0.0885681
0.955 0.0871126
0.95625 0.0850726
0.9575 0.0818858
0.95875 0.08075
0.96 0.0775743
0.96125 0.0748948
0.9625 0.0722262
0.96375 0.0707156
0.965 0.0694034
0.96625 0.0650477
0.9675 0.0627431
0.96875 0.0610008
0.97 0.0578472
0.97125 0.055322
0.9725 0.0519478
0.97375 0.0505804
0.975 0.0472393
0.97625 0.0447031
0.9775 0.043424
0.97875 0.0410752
0.98 0.038098
0.98125 0.0361021
0.9825 0.0338416
0.98375 0.031129
0.985 0.0282289
0.98625 0.0257258
0.9875 0.022947
0.98875 0.0207857
0.99 0.0184921
0.99125 0.0147099
0.9925 0.0127361
0.99375 0.0100565
0.995 0.00822607
0.99625 0.0058994
0.9975 0.00345142
0.99875 0.000970368
