0 0
0.00176777 0
0.00353553 0
0.0053033 0
0.00707107 0
0.00883883 0
0.0106066 0
0.0123744 0
0.0141421 0
0.0159099 0
0.0176777 0
0.0194454 0
0.0212132 0
0.022981 0
0.0247487 0
0.0265165 0.000144723
0.0282843 0.000289446
0.030052 0.00115778
0.0318198 0.00274974
0.0335876 0.00853866
0.0353553 0.0191034
0.0371231 0.0369044
0.0388909 0.0754007
0.0406586 0.160064
0.0424264 0.217374
0.0441942 0.302761
0.0459619 0.405369
0.0477297 0.505662
0.0494975 0.631861
0.0512652 0.720721
0.053033 0.861681
0.0548008 0.927819
0.0565685 1.01523
0.0583363 1.00988
0.0601041 1.00669
0.0618718 0.941423
0.0636396 0.867759
0.0654074 0.746337
0.0671751 0.668765
0.0689429 0.564565
0.0707107 0.466008
0.0724784 0.37903
0.0742462 0.326495
0.076014 0.289591
0.0777817 0.249792
0.0795495 0.231557
0.0813173 0.241253
0.083085 0.26904
0.0848528 0.321285
0.0866206 0.391476
0.0883883 0.435616
0.0901561 0.49886
0.0919239 0.563841
0.0936916 0.670502
0.0954594 0.765006
0.0972272 0.84388
0.0989949 0.93549
0.100763 0.99555
0.10253 1.07211
0.104298 1.09208
0.106066 1.16256
0.107834 1.18195
0.109602 1.21538
0.111369 1.17052
0.113137 1.16864
0.114905 1.10974
0.116673 1.10525
0.11844 1.05286
0.120208 0.979196
0.121976 0.943449
0.123744 0.904085
0.125511 0.829118
0.127279 0.791635
0.129047 0.747784
0.130815 0.717247
0.132583 0.682224
0.13435 0.707985
0.136118 0.726654
0.137886 0.745179
0.139654 0.775571
0.141421 0.85184
0.143189 0.893809
0.144957 0.97471
0.146725 1.05243
0.148492 1.08412
0.15026 1.17023
0.152028 1.23044
0.153796 1.29411
0.155563 1.33044
0.157331 1.35852
0.159099 1.34057
0.160867 1.35128
0.162635 1.38051
0.164402 1.38051
0.16617 1.36344
0.167938 1.34375
0.169706 1.3138
0.171473 1.27689
0.173241 1.25185
0.175009 1.22465
0.176777 1.22508
0.178544 1.14071
0.180312 1.14447
0.18208 1.14954
0.183848 1.13912
0.185616 1.12001
0.187383 1.10916
0.189151 1.15996
0.190919 1.16763
0.192687 1.17443
0.194454 1.2012
0.196222 1.25895
0.19799 1.29267
0.199758 1.33565
0.201525 1.37443
0.203293 1.3837
0.205061 1.43117
0.206829 1.48283
0.208596 1.50555
0.210364 1.50223
0.212132 1.52032
0.2139 1.5371
0.215668 1.56692
0.217435 1.57603
0.219203 1.53681
0.220971 1.51742
0.222739 1.51988
0.224506 1.50121
0.226274 1.47183
0.228042 1.4507
0.22981 1.46503
0.231577 1.44694
0.233345 1.44752
0.235113 1.43406
0.236881 1.47096
0.238649 1.4384
0.240416 1.4439
0.242184 1.45201
0.243952 1.44159
0.24572 1.48081
0.247487 1.51279
0.249255 1.50874
0.251023 1.52741
0.252791 1.56113
0.254558 1.59297
0.256326 1.618
0.258094 1.63465
0.259862 1.6429
0.261629 1.67141
0.263397 1.6484
0.265165 1.68125
0.266933 1.66924
0.268701 1.68689
0.270468 1.67068
0.272236 1.72799
0.274004 1.68718
0.275772 1.65592
0.277539 1.68298
0.279307 1.6743
0.281075 1.68327
0.282843 1.6717
0.28461 1.67242
0.286378 1.66026
0.288146 1.68559
0.289914 1.6717
0.291682 1.66634
0.293449 1.684
0.295217 1.66301
0.296985 1.69673
0.298753 1.71106
0.30052 1.69861
0.302288 1.73566
0.304056 1.70035
0.305824 1.73523
0.307591 1.73089
0.309359 1.74999
0.311127 1.80904
0.312895 1.76374
0.314663 1.77561
0.31643 1.8157
0.318198 1.817
0.319966 1.79254
0.321734 1.78415
0.323501 1.81975
0.325269 1.81787
0.327037 1.82264
0.328805 1.82264
0.330572 1.82771
0.33234 1.80774
0.334108 1.83104
0.335876 1.80585
0.337643 1.85665
0.339411 1.81729
0.341179 1.82033
0.342947 1.83682
0.344715 1.83321
0.346482 1.8348
0.34825 1.83711
0.350018 1.82481
0.351786 1.8513
0.353553 1.8636
0.355321 1.86186
0.357089 1.8416
0.358857 1.84117
0.360624 1.85926
0.362392 1.88039
0.36416 1.87749
0.365928 1.87851
0.367696 1.8717
0.369463 1.89862
0.371231 1.89703
0.372999 1.89153
0.374767 1.92684
0.376534 1.89631
0.378302 1.89877
0.38007 1.9254
0.381838 1.90094
0.383605 1.93422
0.385373 1.88429
0.387141 1.92959
0.388909 1.92019
0.390676 1.93914
0.392444 1.91888
0.394212 1.93813
0.39598 1.91888
0.397748 1.9445
0.399515 1.94074
0.401283 1.91801
0.403051 1.91165
0.404819 1.94493
0.406586 1.93451
0.408354 1.91859
0.410122 1.93234
0.41189 1.95998
0.413657 1.94363
0.415425 1.95217
0.417193 1.93596
0.418961 1.93234
0.420729 1.95014
0.422496 1.93741
0.424264 1.93654
0.426032 1.95854
0.4278 1.94363
0.429567 1.96215
0.431335 1.97807
0.433103 1.97214
0.434871 1.98473
0.436638 2.00369
0.438406 1.95752
0.440174 1.96433
0.441942 1.96158
0.443709 1.98328
0.445477 1.98285
0.447245 1.95014
0.449013 1.96809
0.450781 1.9911
0.452548 1.96042
0.454316 1.96143
0.456084 1.9775
0.457852 1.98647
0.459619 1.98227
0.461387 1.98734
0.463155 1.98068
0.464923 1.93914
0.46669 1.96317
0.468458 1.94826
0.470226 1.96418
0.471994 1.98878
0.473762 1.97532
0.475529 1.98039
0.477297 1.96765
0.479065 1.97431
0.480833 1.96476
0.4826 1.95608
0.484368 1.97344
0.486136 1.99052
0.487904 1.96548
0.489671 1.9636
0.491439 2.01006
0.493207 2.02743
0.494975 1.95955
0.496742 1.99067
0.49851 1.99501
0.500278 1.95955
0.502046 1.98444
0.503814 1.96056
0.505581 1.99732
0.507349 1.95796
0.509117 1.95101
0.510885 1.96129
0.512652 1.98227
0.51442 1.97822
0.516188 1.92105
0.517956 1.97561
0.519723 1.96997
0.521491 1.96794
0.523259 1.96548
0.525027 1.95477
0.526795 1.94131
0.528562 1.94797
0.53033 1.93061
0.532098 1.94985
0.533866 1.97561
0.535633 1.90846
0.537401 1.95362
0.539169 1.95723
0.540937 1.95362
0.542704 1.96129
0.544472 1.95275
0.54624 1.94884
0.548008 1.93524
0.549775 1.94103
0.551543 1.93958
0.553311 1.95912
0.555079 1.93885
0.556847 1.9555
0.558614 1.95941
0.560382 1.92887
0.56215 1.906
0.563918 1.94985
0.565685 1.93625
0.567453 1.90571
0.569221 1.91121
0.570989 1.91005
0.572756 1.85911
0.574524 1.91903
0.576292 1.89341
0.57806 1.89833
0.579828 1.90079
0.581595 1.90152
0.583363 1.90441
0.585131 1.87894
0.586899 1.91353
0.588666 1.86259
0.590434 1.87735
0.592202 1.87445
0.59397 1.8937
0.595737 1.89269
0.597505 1.86099
0.599273 1.88241
0.601041 1.90658
0.602809 1.86302
0.604576 1.88198
0.606344 1.86128
0.608112 1.88111
0.60988 1.86157
0.611647 1.85318
0.613415 1.86215
0.615183 1.82119
0.616951 1.85607
0.618718 1.84044
0.620486 1.84348
0.622254 1.81381
0.624022 1.84131
0.625789 1.80687
0.627557 1.80354
0.629325 1.81135
0.631093 1.81439
0.632861 1.81439
0.634628 1.82033
0.636396 1.79558
0.638164 1.78617
0.639932 1.78255
0.641699 1.79326
0.643467 1.77749
0.645235 1.80643
0.647003 1.75998
0.64877 1.81222
0.650538 1.76591
0.652306 1.79818
0.654074 1.78588
0.655842 1.76721
0.657609 1.74044
0.659377 1.75853
0.661145 1.71019
0.662913 1.76823
0.66468 1.7387
0.666448 1.73798
0.668216 1.7455
0.669984 1.74377
0.671751 1.72669
0.673519 1.74015
0.675287 1.68255
0.677055 1.69804
0.678823 1.7018
0.68059 1.70267
0.682358 1.69558
0.684126 1.70628
0.685894 1.69369
0.687661 1.67387
0.689429 1.6853
0.691197 1.65563
0.692965 1.65766
0.694732 1.67285
0.6965 1.63508
0.698268 1.65534
0.700036 1.6196
0.701803 1.64724
0.703571 1.64868
0.705339 1.63725
0.707107 1.63031
0.708875 1.61482
0.710642 1.65592
0.71241 1.62046
0.714178 1.60382
0.715946 1.62452
0.717713 1.58891
0.719481 1.6099
0.721249 1.58095
0.723017 1.57299
0.724784 1.57053
0.726552 1.55838
0.72832 1.56894
0.730088 1.54
0.731856 1.57618
0.733623 1.54145
0.735391 1.53696
0.737159 1.56778
0.738927 1.52799
0.740694 1.50251
0.742462 1.49325
0.74423 1.51409
0.745998 1.50034
0.747765 1.51525
0.749533 1.50034
0.751301 1.49557
0.753069 1.47241
0.754836 1.48138
0.756604 1.4727
0.758372 1.46865
0.76014 1.49108
0.761908 1.44622
0.763675 1.46749
0.765443 1.40613
0.767211 1.44086
0.768979 1.43059
0.770746 1.42784
0.772514 1.418
0.774282 1.42784
0.77605 1.40946
0.777817 1.41481
0.779585 1.39701
0.781353 1.40237
0.783121 1.37704
0.784889 1.36474
0.786656 1.36503
0.788424 1.34563
0.790192 1.34969
0.79196 1.35258
0.793727 1.36329
0.795495 1.35113
0.797263 1.31307
0.799031 1.32364
0.800798 1.31553
0.802566 1.32118
0.804334 1.29498
0.806102 1.27356
0.807869 1.27023
0.809637 1.27646
0.811405 1.27154
0.813173 1.26589
0.814941 1.25967
0.816708 1.25417
0.818476 1.23203
0.820244 1.22508
0.822012 1.22769
0.823779 1.24939
0.825547 1.22537
0.827315 1.20771
0.829083 1.19368
0.83085 1.19932
0.832618 1.19368
0.834386 1.18036
0.836154 1.17703
0.837922 1.19266
0.839689 1.1792
0.841457 1.14201
0.843225 1.15431
0.844993 1.15373
0.84676 1.12826
0.848528 1.10221
0.850296 1.10728
0.852064 1.11176
0.853831 1.0805
0.855599 1.07963
0.857367 1.09208
0.859135 1.09092
0.860902 1.06719
0.86267 1.07153
0.864438 1.06154
0.866206 1.03188
0.867974 1.02869
0.869741 1.02913
0.871509 1.01104
0.873277 0.982235
0.875045 0.992655
0.876812 1.01335
0.87858 0.988314
0.880348 0.987735
0.882116 0.965013
0.883883 0.973118
0.885651 0.965592
0.887419 0.980064
0.889187 0.964868
0.890954 0.944173
0.892722 0.937661
0.89449 0.925504
0.896258 0.919136
0.898026 0.888744
0.899793 0.906256
0.901561 0.880206
0.903329 0.868772
0.905097 0.885705
0.906864 0.86501
0.908632 0.855458
0.9104 0.850537
0.912168 0.828395
0.913935 0.856905
0.915703 0.810015
0.917471 0.807699
0.919239 0.783096
0.921007 0.787004
0.922774 0.786859
0.924542 0.769927
0.92631 0.743876
0.928078 0.749665
0.929845 0.738956
0.931613 0.740548
0.933381 0.747205
0.935149 0.721879
0.936916 0.719997
0.938684 0.718405
0.940452 0.720287
0.94222 0.68729
0.943988 0.696841
0.945755 0.695973
0.947523 0.667607
0.949291 0.663845
0.951059 0.6349
0.952826 0.649372
0.954594 0.654727
0.956362 0.615073
0.95813 0.609718
0.959897 0.593799
0.961665 0.590904
0.963433 0.581497
0.965201 0.583957
0.966968 0.558486
0.968736 0.57209
0.970504 0.552118
0.972272 0.55371
0.97404 0.521582
0.975807 0.518977
0.977575 0.518398
0.979343 0.497413
0.981111 0.505373
0.982878 0.489019
0.984646 0.465285
0.986414 0.456746
0.988182 0.456456
0.989949 0.448641
0.991717 0.425052
0.993485 0.433011
0.995253 0.41304
0.997021 0.395962
0.998788 0.402475
1.00056 0.389884
1.00232 0.372517
1.00409 0.385253
1.00586 0.377004
1.00763 0.364123
1.00939 0.36586
1.01116 0.3579
1.01293 0.335179
1.0147 0.339231
1.01647 0.342415
1.01823 0.318246
1.02 0.324324
1.02177 0.30855
1.02354 0.306958
1.0253 0.303774
1.02707 0.313036
1.02884 0.298564
1.03061 0.29538
1.03238 0.289446
1.03414 0.279315
1.03591 0.262093
1.03768 0.264843
1.03945 0.265422
1.04121 0.246174
1.04298 0.25587
1.04475 0.256015
1.04652 0.246753
1.04829 0.246608
1.05005 0.239372
1.05182 0.225044
1.05359 0.234451
1.05536 0.226347
1.05712 0.218821
1.05889 0.216795
1.06066 0.213466
1.06243 0.21969
1.0642 0.210283
1.06596 0.196244
1.06773 0.193929
1.0695 0.189298
1.07127 0.185101
1.07303 0.192626
1.0748 0.182785
1.07657 0.18264
1.07834 0.186403
1.08011 0.178444
1.08187 0.174825
1.08364 0.163537
1.08541 0.169905
1.08718 0.16484
1.08894 0.158327
1.09071 0.149209
1.09248 0.152393
1.09425 0.151814
1.09602 0.147039
1.09778 0.148052
1.09955 0.141829
1.10132 0.139658
1.10309 0.139802
1.10485 0.135895
1.10662 0.130685
1.10839 0.127067
1.11016 0.137342
1.11193 0.119541
1.11369 0.121857
1.11546 0.122146
1.11723 0.12041
1.119 0.120699
1.12076 0.109555
1.12253 0.104635
1.1243 0.10999
1.12607 0.100727
1.12784 0.103911
1.1296 0.0994247
1.13137 0.10449
1.13314 0.09928
1.13491 0.0923333
1.13667 0.0945041
1.13844 0.0892941
1.14021 0.0869785
1.14198 0.0911755
1.14375 0.0853866
1.14551 0.0845183
1.14728 0.0843735
1.14905 0.0927675
1.15082 0.0814791
1.15258 0.0811896
1.15435 0.0793082
1.15612 0.0745324
1.15789 0.0723615
1.15966 0.0696118
1.16142 0.0739535
1.16319 0.0714932
1.16496 0.0667173
1.16673 0.0599153
1.16849 0.0622309
1.17026 0.0589023
1.17203 0.0557184
1.1738 0.0581787
1.17557 0.0578892
1.17733 0.0587576
1.1791 0.0521003
1.18087 0.0528239
1.18264 0.0484822
1.1844 0.0509425
1.18617 0.0500742
1.18794 0.0518108
1.18971 0.0471797
1.19147 0.0461666
1.19324 0.0484822
1.19501 0.0471797
1.19678 0.0387858
1.19855 0.0447194
1.20031 0.0370491
1.20208 0.04443
1.20385 0.0384963
1.20562 0.0431275
1.20738 0.0400883
1.20915 0.0380622
1.21092 0.0367597
1.21269 0.0321285
1.21446 0.0342994
1.21622 0.0309707
1.21799 0.0283657
1.21976 0.0305366
1.22153 0.028221
1.22329 0.028221
1.22506 0.0273527
1.22683 0.0260501
1.2286 0.0219979
1.23037 0.0238793
1.23213 0.023011
1.2339 0.0221426
1.23567 0.0193929
1.23744 0.0206954
1.2392 0.0204059
1.24097 0.0225768
1.24274 0.017222
1.24451 0.0205507
1.24628 0.021419
1.24804 0.0209848
1.24981 0.017222
1.25158 0.0186693
1.25335 0.0193929
1.25511 0.0178009
1.25688 0.0170773
1.25865 0.0164984
1.26042 0.0140381
1.26219 0.017222
1.26395 0.014617
1.26572 0.0127356
1.26749 0.0131698
1.26926 0.010999
1.27102 0.0105648
1.27279 0.0128804
1.27456 0.00955172
1.27633 0.00926227
1.2781 0.00810449
1.27986 0.0075256
1.28163 0.00492058
1.2834 0.00723615
1.28517 0.00738087
1.28693 0.00795977
1.2887 0.00795977
1.29047 0.00492058
1.29224 0.00651254
1.29401 0.00651254
1.29577 0.00709143
1.29754 0.00593364
1.29931 0.00781504
1.30108 0.00622309
1.30284 0.00477586
1.30461 0.00593364
1.30638 0.00665726
1.30815 0.00636781
1.30992 0.00419697
1.31168 0.0056442
1.31345 0.00521003
1.31522 0.0056442
1.31699 0.00434169
1.31875 0.00361808
1.32052 0.00246029
1.32229 0.00361808
1.32406 0.00231557
1.32583 0.00318391
1.32759 0.00159195
1.32936 0.00246029
1.33113 0.00115778
1.3329 0.00130251
1.33466 0.00101306
1.33643 0.00115778
1.3382 0.000578892
1.33997 0.000578892
1.34174 0.000723615
1.3435 0.000868338
1.34527 0.000578892
1.34704 0.00101306
1.34881 0.000868338
1.35057 0.00115778
1.35234 0.00130251
1.35411 0.000868338
1.35588 0.00173668
1.35765 0.00159195
1.35941 0.000578892
1.36118 0.00101306
1.36295 0.00115778
1.36472 0.000434169
1.36648 0.00101306
1.36825 0.000434169
1.37002 0.000289446
1.37179 0.000144723
1.37355 0.000144723
1.37532 0.000144723
1.37709 0
1.37886 0.000144723
1.38063 0
1.38239 0
1.38416 0.000144723
1.38593 0
1.3877 0
1.38946 0
1.39123 0
1.393 0
1.39477 0
1.39654 0
1.3983 0
1.40007 0
1.40184 0
1.40361 0
1.40537 0
1.40714 0
1.40891 0
1.41068 0
1.41245 0
