0 1.95969
0.00125 1.94016
0.0025 1.94045
0.00375 1.9623
0.005 1.97098
0.00625 1.94537
0.0075 1.94392
0.00875 1.93451
0.01 1.95666
0.01125 1.98372
0.0125 2.00137
0.01375 1.99298
0.015 2.02468
0.01625 1.9966
0.0175 1.99052
0.01875 1.98068
0.02 1.92236
0.02125 1.9144
0.0225 1.95651
0.02375 1.95521
0.025 1.93408
0.02625 1.95825
0.0275 1.95029
0.02875 1.94189
0.03 1.96925
0.03125 1.95622
0.0325 1.94913
0.03375 1.89703
0.035 1.90904
0.03625 1.92583
0.0375 1.93987
0.03875 1.91425
0.04 1.92568
0.04125 1.91642
0.0425 1.93118
0.04375 1.9005
0.045 1.90673
0.04625 1.89298
0.0475 1.91845
0.04875 1.91179
0.05 1.9047
0.05125 1.89775
0.0525 1.8937
0.05375 1.8895
0.055 1.90528
0.05625 1.88285
0.0575 1.89399
0.05875 1.87576
0.06 1.88212
0.06125 1.91396
0.0625 1.85202
0.06375 1.8526
0.065 1.85506
0.06625 1.87807
0.0675 1.88241
0.06875 1.84681
0.07 1.85636
0.07125 1.85405
0.0725 1.86114
0.07375 1.84898
0.075 1.88068
0.07625 1.82727
0.0775 1.83205
0.07875 1.83596
0.08 1.8306
0.08125 1.80774
0.0825 1.81106
0.08375 1.8264
0.085 1.80788
0.08625 1.85376
0.0875 1.80788
0.08875 1.82554
0.09 1.81844
0.09125 1.82308
0.0925 1.83538
0.09375 1.79124
0.095 1.84536
0.09625 1.78545
0.0975 1.77662
0.09875 1.80672
0.1 1.80108
0.10125 1.7908
0.1025 1.78357
0.10375 1.80528
0.105 1.80064
0.10625 1.79196
0.1075 1.79558
0.10875 1.75274
0.11 1.76721
0.11125 1.79167
0.1125 1.77937
0.11375 1.73812
0.115 1.78154
0.11625 1.76345
0.1175 1.77749
0.11875 1.75346
0.12 1.76779
0.12125 1.74218
0.1225 1.75954
0.12375 1.74637
0.125 1.7044
0.12625 1.7429
0.1275 1.74029
0.12875 1.74478
0.13 1.75086
0.13125 1.71569
0.1325 1.75679
0.13375 1.73002
0.135 1.73783
0.13625 1.73176
0.1375 1.71121
0.13875 1.71439
0.14 1.72003
0.14125 1.70686
0.1425 1.71034
0.14375 1.70513
0.145 1.70802
0.14625 1.7073
0.1475 1.72437
0.14875 1.71251
0.15 1.68067
0.15125 1.69586
0.1525 1.67734
0.15375 1.68776
0.155 1.67777
0.15625 1.7073
0.1575 1.68269
0.15875 1.66258
0.16 1.68241
0.16125 1.66909
0.1625 1.66489
0.16375 1.70527
0.165 1.66764
0.16625 1.65332
0.1675 1.67155
0.16875 1.61844
0.17 1.69109
0.17125 1.66764
0.1725 1.64651
0.17375 1.64434
0.175 1.65447
0.17625 1.64333
0.1775 1.64319
0.17875 1.64116
0.18 1.64709
0.18125 1.62017
0.1825 1.63074
0.18375 1.60845
0.185 1.62582
0.18625 1.59557
0.1875 1.60975
0.18875 1.62394
0.19 1.62799
0.19125 1.65317
0.1925 1.58544
0.19375 1.58515
0.195 1.62394
0.19625 1.60556
0.1975 1.57806
0.19875 1.5578
0.2 1.59412
0.20125 1.58298
0.2025 1.58515
0.20375 1.58616
0.205 1.57517
0.20625 1.59137
0.2075 1.59123
0.20875 1.57053
0.21 1.56547
0.21125 1.58124
0.2125 1.58935
0.21375 1.57589
0.215 1.56475
0.21625 1.55461
0.2175 1.57256
0.21875 1.57242
0.22 1.54535
0.22125 1.5387
0.2225 1.55375
0.22375 1.51742
0.225 1.55534
0.22625 1.53566
0.2275 1.55708
0.22875 1.52726
0.23 1.54
0.23125 1.54231
0.2325 1.52147
0.23375 1.53334
0.235 1.54448
0.23625 1.50657
0.2375 1.53971
0.23875 1.51511
0.24 1.49933
0.24125 1.47487
0.2425 1.49065
0.24375 1.48037
0.245 1.51612
0.24625 1.49383
0.2475 1.49774
0.24875 1.50121
0.25 1.50353
0.25125 1.50483
0.2525 1.47285
0.25375 1.50613
0.255 1.49209
0.25625 1.50324
0.2575 1.46214
0.25875 1.50179
0.26 1.44853
0.26125 1.48124
0.2625 1.50049
0.26375 1.46561
0.265 1.46156
0.26625 1.46098
0.2675 1.49615
0.26875 1.44361
0.27 1.46865
0.27125 1.48167
0.2725 1.45172
0.27375 1.44911
0.275 1.43942
0.27625 1.44361
0.2775 1.44419
0.27875 1.41438
0.28 1.43536
0.28125 1.45316
0.2825 1.47053
0.28375 1.44274
0.285 1.43942
0.28625 1.44448
0.2875 1.42784
0.28875 1.4206
0.29 1.41481
0.29125 1.42494
0.2925 1.42205
0.29375 1.38239
0.295 1.4193
0.29625 1.40266
0.2975 1.40584
0.29875 1.40425
0.3 1.40077
0.30125 1.39991
0.3025 1.41322
0.30375 1.38587
0.305 1.40381
0.30625 1.38095
0.3075 1.36836
0.30875 1.39021
0.31 1.3821
0.31125 1.39325
0.3125 1.37762
0.31375 1.3753
0.315 1.35938
0.31625 1.37299
0.3175 1.36532
0.31875 1.39224
0.32 1.3672
0.32125 1.33189
0.3225 1.36662
0.32375 1.37154
0.325 1.35287
0.32625 1.35432
0.3275 1.32465
0.32875 1.32537
0.33 1.33565
0.33125 1.33044
0.3325 1.31553
0.33375 1.32523
0.335 1.33131
0.33625 1.32856
0.3375 1.32957
0.33875 1.33131
0.34 1.32031
0.34125 1.32407
0.3425 1.30714
0.34375 1.29773
0.345 1.28326
0.34625 1.29788
0.3475 1.31409
0.34875 1.31162
0.35 1.32711
0.35125 1.29903
0.3525 1.30338
0.35375 1.28167
0.355 1.29426
0.35625 1.285
0.3575 1.24867
0.35875 1.28992
0.36 1.26488
0.36125 1.28427
0.3625 1.27313
0.36375 1.30367
0.365 1.27935
0.36625 1.26358
0.3675 1.25735
0.36875 1.25055
0.37 1.27646
0.37125 1.27573
0.3725 1.23941
0.37375 1.23203
0.375 1.23753
0.37625 1.26155
0.3775 1.2546
0.37875 1.23044
0.38 1.25808
0.38125 1.2258
0.3825 1.22421
0.38375 1.24838
0.385 1.21654
0.38625 1.22899
0.3875 1.25359
0.38875 1.20221
0.39 1.22797
0.39125 1.20077
0.3925 1.22002
0.39375 1.21206
0.395 1.21437
0.39625 1.21046
0.3975 1.23912
0.39875 1.21292
0.4 1.19353
0.40125 1.17964
0.4025 1.18311
0.40375 1.18557
0.405 1.19006
0.40625 1.18456
0.4075 1.17993
0.40875 1.18499
0.41 1.18253
0.41125 1.18108
0.4125 1.15851
0.41375 1.18195
0.415 1.16777
0.41625 1.16111
0.4175 1.16488
0.41875 1.14389
0.42 1.15807
0.42125 1.17038
0.4225 1.15098
0.42375 1.13709
0.425 1.15851
0.42625 1.15996
0.4275 1.141
0.42875 1.12739
0.43 1.13608
0.43125 1.15127
0.4325 1.14621
0.43375 1.14317
0.435 1.12797
0.43625 1.13
0.4375 1.13188
0.43875 1.12421
0.44 1.10279
0.44125 1.10264
0.4425 1.12218
0.44375 1.13173
0.445 1.10959
0.44625 1.12348
0.4475 1.11697
0.44875 1.11581
0.45 1.08311
0.45125 1.08948
0.4525 1.09425
0.45375 1.10901
0.455 1.08166
0.45625 1.06791
0.4575 1.08861
0.45875 1.0915
0.46 1.0928
0.46125 1.07211
0.4625 1.06024
0.46375 1.09584
0.465 1.06458
0.46625 1.07862
0.4675 1.05532
0.46875 1.06111
0.47 1.05402
0.47125 1.0737
0.4725 1.05272
0.47375 1.07153
0.475 1.05633
0.47625 1.01943
0.4775 1.05474
0.47875 1.04345
0.48 1.04186
0.48125 1.05416
0.4825 1.05387
0.48375 1.04345
0.485 1.01451
0.48625 1.02826
0.4875 1.02782
0.48875 1.02869
0.49 1.02855
0.49125 1.01523
0.4925 1.01596
0.49375 1.0051
0.495 1.00583
0.49625 0.985709
0.4975 0.983682
0.49875 1.00829
0.5 0.994392
0.50125 0.995839
0.5025 0.989182
0.50375 0.985853
0.505 0.990629
0.50625 0.990629
0.5075 0.999313
0.50875 0.98484
0.51 0.978038
0.51125 0.97442
0.5125 0.967473
0.51375 0.96921
0.515 0.982091
0.51625 0.959369
0.5175 0.943594
0.51875 0.963711
0.52 0.945765
0.52125 0.954159
0.5225 0.95112
0.52375 0.941713
0.525 0.950975
0.52625 0.94316
0.5275 0.941858
0.52875 0.961974
0.53 0.911466
0.53125 0.930569
0.5325 0.917399
0.53375 0.922465
0.535 0.923478
0.53625 0.905098
0.5375 0.924346
0.53875 0.91711
0.54 0.939542
0.54125 0.926083
0.5425 0.908426
0.54375 0.917399
0.545 0.892362
0.54625 0.897138
0.5475 0.90944
0.54875 0.896849
0.55 0.888889
0.55125 0.883245
0.5525 0.889613
0.55375 0.891494
0.555 0.889034
0.55625 0.86718
0.5575 0.893231
0.55875 0.867759
0.56 0.877745
0.56125 0.877311
0.5625 0.883389
0.56375 0.870075
0.565 0.859944
0.56625 0.862115
0.5675 0.842722
0.56875 0.854879
0.57 0.864141
0.57125 0.853142
0.5725 0.868338
0.57375 0.83592
0.575 0.859944
0.57625 0.831723
0.5775 0.840551
0.57875 0.841854
0.58 0.841999
0.58125 0.83867
0.5825 0.855892
0.58375 0.828105
0.585 0.818553
0.58625 0.828684
0.5875 0.82029
0.58875 0.824921
0.59 0.808712
0.59125 0.82825
0.5925 0.804515
0.59375 0.807555
0.595 0.81508
0.59625 0.804805
0.5975 0.806831
0.59875 0.816962
0.6 0.804081
0.60125 0.811173
0.6025 0.781794
0.60375 0.790188
0.605 0.793082
0.60625 0.79149
0.6075 0.798148
0.60875 0.776873
0.61 0.778465
0.61125 0.793227
0.6125 0.788596
0.61375 0.762401
0.615 0.77615
0.61625 0.774702
0.6175 0.7446
0.61875 0.771663
0.62 0.76023
0.62125 0.762401
0.6225 0.749955
0.62375 0.749376
0.625 0.74981
0.62625 0.739101
0.6275 0.753718
0.62875 0.743153
0.63 0.728391
0.63125 0.717971
0.6325 0.71334
0.63375 0.74214
0.635 0.72651
0.63625 0.738811
0.6375 0.736061
0.63875 0.709577
0.64 0.717537
0.64125 0.715655
0.6425 0.716668
0.64375 0.695394
0.645 0.714498
0.64625 0.711893
0.6475 0.707551
0.64875 0.708564
0.65 0.709577
0.65125 0.691197
0.6525 0.696841
0.65375 0.685264
0.655 0.686421
0.65625 0.680343
0.6575 0.69742
0.65875 0.66891
0.66 0.68454
0.66125 0.676725
0.6625 0.676435
0.66375 0.664858
0.665 0.684395
0.66625 0.660516
0.6675 0.659648
0.66875 0.646044
0.67 0.645175
0.67125 0.673107
0.6725 0.649228
0.67375 0.649517
0.675 0.639965
0.67625 0.640689
0.6775 0.653569
0.67875 0.628822
0.68 0.632295
0.68125 0.632874
0.6825 0.631282
0.68375 0.634032
0.685 0.620862
0.68625 0.618257
0.6875 0.607113
0.68875 0.61131
0.69 0.612902
0.69125 0.640689
0.6925 0.606679
0.69375 0.604798
0.695 0.617244
0.69625 0.627953
0.6975 0.616231
0.69875 0.597417
0.7 0.600022
0.70125 0.587431
0.7025 0.602337
0.70375 0.585839
0.705 0.594233
0.70625 0.591772
0.7075 0.573682
0.70875 0.568617
0.71 0.572814
0.71125 0.590181
0.7125 0.586997
0.71375 0.570064
0.715 0.579037
0.71625 0.570932
0.7175 0.542422
0.71875 0.56167
0.72 0.563262
0.72125 0.544014
0.7225 0.55125
0.72375 0.562683
0.725 0.555447
0.72625 0.545027
0.7275 0.529976
0.72875 0.533304
0.73 0.548645
0.73125 0.532436
0.7325 0.535475
0.73375 0.539093
0.735 0.53837
0.73625 0.540541
0.7375 0.518253
0.73875 0.528673
0.74 0.509425
0.74125 0.517819
0.7425 0.517819
0.74375 0.522884
0.745 0.514925
0.74625 0.515214
0.7475 0.515359
0.74875 0.507544
0.75 0.500308
0.75125 0.506675
0.7525 0.49915
0.75375 0.49886
0.755 0.501176
0.75625 0.4964
0.7575 0.487138
0.75875 0.485401
0.76 0.491769
0.76125 0.475705
0.7625 0.470784
0.76375 0.476284
0.765 0.466298
0.76625 0.468034
0.7675 0.472955
0.76875 0.463114
0.77 0.45993
0.77125 0.453128
0.7725 0.452259
0.77375 0.471508
0.775 0.450812
0.77625 0.461377
0.7775 0.466442
0.77875 0.435037
0.78 0.459351
0.78125 0.442274
0.7825 0.445023
0.78375 0.435182
0.785 0.433445
0.78625 0.430406
0.7875 0.442274
0.78875 0.426788
0.79 0.416947
0.79125 0.412605
0.7925 0.413474
0.79375 0.411737
0.795 0.408264
0.79625 0.418105
0.7975 0.427657
0.79875 0.410724
0.8 0.407685
0.80125 0.405225
0.8025 0.388002
0.80375 0.391186
0.805 0.389739
0.80625 0.387568
0.8075 0.380477
0.80875 0.380477
0.81 0.372372
0.81125 0.372228
0.8125 0.390463
0.81375 0.375412
0.815 0.375122
0.81625 0.377727
0.8175 0.364123
0.81875 0.369478
0.82 0.360795
0.82125 0.356308
0.8225 0.343138
0.82375 0.354861
0.825 0.342559
0.82625 0.335757
0.8275 0.361518
0.82875 0.336771
0.83 0.350953
0.83125 0.345888
0.8325 0.333297
0.83375 0.333442
0.835 0.33185
0.83625 0.337349
0.8375 0.326785
0.83875 0.335323
0.84 0.323311
0.84125 0.307681
0.8425 0.311589
0.84375 0.311299
0.845 0.3003
0.84625 0.309418
0.8475 0.306089
0.84875 0.298708
0.85 0.290604
0.85125 0.293209
0.8525 0.294656
0.85375 0.296538
0.855 0.300879
0.85625 0.283802
0.8575 0.283657
0.85875 0.279315
0.86 0.278447
0.86125 0.270632
0.8625 0.282934
0.86375 0.268751
0.865 0.258041
0.86625 0.266146
0.8675 0.266869
0.86875 0.260357
0.87 0.264264
0.87125 0.258331
0.8725 0.26412
0.87375 0.247187
0.875 0.242122
0.87625 0.249068
0.8775 0.243569
0.87875 0.237346
0.88 0.255291
0.88125 0.234017
0.8825 0.219255
0.88375 0.225768
0.885 0.229531
0.88625 0.233438
0.8875 0.22736
0.88875 0.225334
0.89 0.228807
0.89125 0.208256
0.8925 0.216506
0.89375 0.2194
0.895 0.202902
0.89625 0.210138
0.8975 0.209704
0.89875 0.1906
0.9 0.192047
0.90125 0.191758
0.9025 0.198271
0.90375 0.1906
0.905 0.188864
0.90625 0.189442
0.9075 0.182062
0.90875 0.178444
0.91 0.183075
0.91125 0.181049
0.9125 0.17772
0.91375 0.167734
0.915 0.168892
0.91625 0.161366
0.9175 0.158327
0.91875 0.158761
0.92 0.160208
0.92125 0.152683
0.9225 0.155433
0.92375 0.153985
0.925 0.146604
0.92625 0.138645
0.9275 0.150512
0.92875 0.15688
0.93 0.13575
0.93125 0.140526
0.9325 0.135316
0.93375 0.132132
0.935 0.124607
0.93625 0.126198
0.9375 0.119686
0.93875 0.12808
0.94 0.122725
0.94125 0.118818
0.9425 0.113463
0.94375 0.103477
0.945 0.114186
0.94625 0.106227
0.9475 0.109411
0.94875 0.104924
0.95 0.0987011
0.95125 0.101596
0.9525 0.0949383
0.95375 0.0981222
0.955 0.0926227
0.95625 0.0913202
0.9575 0.0803213
0.95875 0.0794529
0.96 0.0782952
0.96125 0.0803213
0.9625 0.0699012
0.96375 0.0759796
0.965 0.0675857
0.96625 0.0694671
0.9675 0.0596259
0.96875 0.0659937
0.97 0.0600601
0.97125 0.0623756
0.9725 0.057455
0.97375 0.051232
0.975 0.0513767
0.97625 0.0494953
0.9775 0.0412461
0.97875 0.0421144
0.98 0.0411013
0.98125 0.0369044
0.9825 0.0309707
0.98375 0.0299577
0.985 0.0296682
0.98625 0.0272079
0.9875 0.0237346
0.98875 0.0204059
0.99 0.0178009
0.99125 0.0173668
0.9925 0.0130251
0.99375 0.00955172
0.995 0.00549948
0.99625 0.00593364
0.9975 0.00231557
0.99875 0.000723615
