0 1.95201
0.00125 1.95159
0.0025 1.95198
0.00375 1.95216
0.005 1.95026
0.00625 1.95096
0.0075 1.94889
0.00875 1.95291
0.01 1.95647
0.01125 1.96088
0.0125 1.97217
0.01375 1.99152
0.015 2.00898
0.01625 1.99188
0.0175 1.97957
0.01875 1.97126
0.02 1.95958
0.02125 1.95426
0.0225 1.95176
0.02375 1.93804
0.025 1.94017
0.02625 1.94206
0.0275 1.93676
0.02875 1.94028
0.03 1.93583
0.03125 1.94546
0.0325 1.94011
0.03375 1.93617
0.035 1.93511
0.03625 1.92718
0.0375 1.92627
0.03875 1.92172
0.04 1.91726
0.04125 1.91689
0.0425 1.91334
0.04375 1.91014
0.045 1.91063
0.04625 1.90283
0.0475 1.90902
0.04875 1.90248
0.05 1.89711
0.05125 1.89829
0.0525 1.89647
0.05375 1.88996
0.055 1.89388
0.05625 1.88605
0.0575 1.881
0.05875 1.88165
0.06 1.88144
0.06125 1.87582
0.0625 1.87446
0.06375 1.87049
0.065 1.87213
0.06625 1.87147
0.0675 1.86318
0.06875 1.86113
0.07 1.86137
0.07125 1.85753
0.0725 1.85208
0.07375 1.85117
0.075 1.85
0.07625 1.84302
0.0775 1.84671
0.07875 1.84038
0.08 1.84324
0.08125 1.83542
0.0825 1.83708
0.08375 1.83006
0.085 1.83146
0.08625 1.82692
0.0875 1.82597
0.08875 1.82353
0.09 1.81475
0.09125 1.82086
0.0925 1.81614
0.09375 1.81523
0.095 1.80536
0.09625 1.80689
0.0975 1.81034
0.09875 1.80023
0.1 1.7982
0.10125 1.79902
0.1025 1.79119
0.10375 1.79221
0.105 1.78843
0.10625 1.78805
0.1075 1.78567
0.10875 1.78598
0.11 1.77956
0.11125 1.77716
0.1125 1.77656
0.11375 1.77535
0.115 1.77093
0.11625 1.76628
0.1175 1.76686
0.11875 1.7617
0.12 1.75752
0.12125 1.75612
0.1225 1.75621
0.12375 1.7525
0.125 1.751
0.12625 1.74756
0.1275 1.74815
0.12875 1.7393
0.13 1.73847
0.13125 1.73637
0.1325 1.73056
0.13375 1.73363
0.135 1.73527
0.13625 1.73065
0.1375 1.72467
0.13875 1.72508
0.14 1.72224
0.14125 1.71471
0.1425 1.71724
0.14375 1.71205
0.145 1.70804
0.14625 1.70548
0.1475 1.70428
0.14875 1.70328
0.15 1.69861
0.15125 1.69765
0.1525 1.69673
0.15375 1.69568
0.155 1.691
0.15625 1.68889
0.1575 1.68332
0.15875 1.68298
0.16 1.68028
0.16125 1.67753
0.1625 1.67107
0.16375 1.67464
0.165 1.67156
0.16625 1.66437
0.1675 1.66686
0.16875 1.6651
0.17 1.66399
0.17125 1.65764
0.1725 1.65466
0.17375 1.65395
0.175 1.64925
0.17625 1.64593
0.1775 1.64788
0.17875 1.64475
0.18 1.64107
0.18125 1.63411
0.1825 1.63546
0.18375 1.63291
0.185 1.63054
0.18625 1.62745
0.1875 1.62792
0.18875 1.6243
0.19 1.62162
0.19125 1.61807
0.1925 1.61639
0.19375 1.6113
0.195 1.60961
0.19625 1.60438
0.1975 1.60624
0.19875 1.60471
0.2 1.59724
0.20125 1.59893
0.2025 1.59381
0.20375 1.59694
0.205 1.59379
0.20625 1.58793
0.2075 1.5861
0.20875 1.58506
0.21 1.58136
0.21125 1.57182
0.2125 1.57402
0.21375 1.57466
0.215 1.56976
0.21625 1.56653
0.2175 1.565
0.21875 1.56679
0.22 1.56358
0.22125 1.56352
0.2225 1.5588
0.22375 1.55401
0.225 1.54833
0.22625 1.54784
0.2275 1.54432
0.22875 1.54344
0.23 1.53806
0.23125 1.54031
0.2325 1.534
0.23375 1.53191
0.235 1.52878
0.23625 1.53143
0.2375 1.52538
0.23875 1.52251
0.24 1.52244
0.24125 1.51755
0.2425 1.51613
0.24375 1.51212
0.245 1.51423
0.24625 1.5059
0.2475 1.5027
0.24875 1.50371
0.25 1.50217
0.25125 1.49705
0.2525 1.49639
0.25375 1.49494
0.255 1.48925
0.25625 1.48762
0.2575 1.48324
0.25875 1.48675
0.26 1.47785
0.26125 1.47963
0.2625 1.4745
0.26375 1.47278
0.265 1.47102
0.26625 1.46356
0.2675 1.46725
0.26875 1.46288
0.27 1.45913
0.27125 1.45591
0.2725 1.4561
0.27375 1.44988
0.275 1.45006
0.27625 1.44624
0.2775 1.44358
0.27875 1.44671
0.28 1.44228
0.28125 1.43633
0.2825 1.43854
0.28375 1.43413
0.285 1.42776
0.28625 1.4293
0.2875 1.42494
0.28875 1.41889
0.29 1.41943
0.29125 1.4165
0.2925 1.41437
0.29375 1.41351
0.295 1.41109
0.29625 1.40851
0.2975 1.40535
0.29875 1.4048
0.3 1.40047
0.30125 1.39494
0.3025 1.39405
0.30375 1.39625
0.305 1.39045
0.30625 1.38826
0.3075 1.38486
0.30875 1.38224
0.31 1.38002
0.31125 1.38044
0.3125 1.37523
0.31375 1.36951
0.315 1.37134
0.31625 1.3691
0.3175 1.36186
0.31875 1.3631
0.32 1.36283
0.32125 1.36007
0.3225 1.35275
0.32375 1.35194
0.325 1.34903
0.32625 1.35065
0.3275 1.34073
0.32875 1.34456
0.33 1.33984
0.33125 1.33655
0.3325 1.33429
0.33375 1.3311
0.335 1.32971
0.33625 1.33063
0.3375 1.32291
0.33875 1.32383
0.34 1.31835
0.34125 1.3188
0.3425 1.31446
0.34375 1.31535
0.345 1.30988
0.34625 1.30554
0.3475 1.30385
0.34875 1.30527
0.35 1.29738
0.35125 1.29613
0.3525 1.29616
0.35375 1.29319
0.355 1.29097
0.35625 1.28779
0.3575 1.28914
0.35875 1.28086
0.36 1.27803
0.36125 1.2786
0.3625 1.27466
0.36375 1.27233
0.365 1.26869
0.36625 1.26868
0.3675 1.26614
0.36875 1.26122
0.37 1.26007
0.37125 1.25402
0.3725 1.2557
0.37375 1.2534
0.375 1.25294
0.37625 1.24811
0.3775 1.24766
0.37875 1.24159
0.38 1.23765
0.38125 1.23358
0.3825 1.2339
0.38375 1.23141
0.385 1.23081
0.38625 1.23055
0.3875 1.22712
0.38875 1.22306
0.39 1.21807
0.39125 1.21779
0.3925 1.21377
0.39375 1.21152
0.395 1.21212
0.39625 1.20466
0.3975 1.20535
0.39875 1.20254
0.4 1.20109
0.40125 1.19748
0.4025 1.194
0.40375 1.19297
0.405 1.19123
0.40625 1.1884
0.4075 1.18398
0.40875 1.18085
0.41 1.17848
0.41125 1.17537
0.4125 1.17468
0.41375 1.17535
0.415 1.16928
0.41625 1.1656
0.4175 1.16536
0.41875 1.16142
0.42 1.15882
0.42125 1.15762
0.4225 1.1569
0.42375 1.15469
0.425 1.15118
0.42625 1.14797
0.4275 1.1442
0.42875 1.14025
0.43 1.13901
0.43125 1.13676
0.4325 1.13498
0.43375 1.1311
0.435 1.13061
0.43625 1.12746
0.4375 1.12308
0.43875 1.12223
0.44 1.11995
0.44125 1.11843
0.4425 1.11518
0.44375 1.10998
0.445 1.10901
0.44625 1.11063
0.4475 1.10657
0.44875 1.1001
0.45 1.09756
0.45125 1.09713
0.4525 1.09396
0.45375 1.09298
0.455 1.08738
0.45625 1.08698
0.4575 1.08398
0.45875 1.0817
0.46 1.07594
0.46125 1.07877
0.4625 1.07471
0.46375 1.07167
0.465 1.06628
0.46625 1.06874
0.4675 1.06455
0.46875 1.06071
0.47 1.05882
0.47125 1.05864
0.4725 1.05293
0.47375 1.05433
0.475 1.04955
0.47625 1.04491
0.4775 1.04025
0.47875 1.04225
0.48 1.03988
0.48125 1.03773
0.4825 1.03346
0.48375 1.03194
0.485 1.03115
0.48625 1.02782
0.4875 1.02546
0.48875 1.02163
0.49 1.02024
0.49125 1.0142
0.4925 1.01291
0.49375 1.00848
0.495 1.01048
0.49625 1.00585
0.4975 1.00373
0.49875 1.00359
0.5 0.998846
0.50125 0.997076
0.5025 0.995411
0.50375 0.99143
0.505 0.988653
0.50625 0.987787
0.5075 0.983488
0.50875 0.9821
0.51 0.976862
0.51125 0.976724
0.5125 0.974009
0.51375 0.972288
0.515 0.970999
0.51625 0.966164
0.5175 0.963613
0.51875 0.95999
0.52 0.959987
0.52125 0.956355
0.5225 0.955986
0.52375 0.950067
0.525 0.946835
0.52625 0.947504
0.5275 0.94468
0.52875 0.940047
0.53 0.938779
0.53125 0.936926
0.5325 0.933057
0.53375 0.934522
0.535 0.930103
0.53625 0.923932
0.5375 0.924781
0.53875 0.919525
0.54 0.920932
0.54125 0.919361
0.5425 0.916416
0.54375 0.90957
0.545 0.905178
0.54625 0.908669
0.5475 0.900404
0.54875 0.902709
0.55 0.898202
0.55125 0.896194
0.5525 0.893772
0.55375 0.891591
0.555 0.88798
0.55625 0.888837
0.5575 0.885608
0.55875 0.880796
0.56 0.878462
0.56125 0.871771
0.5625 0.873039
0.56375 0.868838
0.565 0.868935
0.56625 0.867082
0.5675 0.862215
0.56875 0.862232
0.57 0.861205
0.57125 0.854684
0.5725 0.855092
0.57375 0.852318
0.575 0.84696
0.57625 0.845924
0.5775 0.842515
0.57875 0.840096
0.58 0.83628
0.58125 0.835334
0.5825 0.833323
0.58375 0.830079
0.585 0.82904
0.58625 0.826726
0.5875 0.827167
0.58875 0.822578
0.59 0.818377
0.59125 0.816187
0.5925 0.810312
0.59375 0.807814
0.595 0.808005
0.59625 0.807385
0.5975 0.802115
0.59875 0.798804
0.6 0.80193
0.60125 0.795442
0.6025 0.794347
0.60375 0.788258
0.605 0.788443
0.60625 0.787642
0.6075 0.784671
0.60875 0.781429
0.61 0.777243
0.61125 0.774401
0.6125 0.773467
0.61375 0.771433
0.615 0.765461
0.61625 0.766821
0.6175 0.761903
0.61875 0.760685
0.62 0.759422
0.62125 0.758086
0.6225 0.753891
0.62375 0.752952
0.625 0.746378
0.62625 0.7459
0.6275 0.743924
0.62875 0.743099
0.63 0.736593
0.63125 0.734987
0.6325 0.733757
0.63375 0.727841
0.635 0.729462
0.63625 0.726984
0.6375 0.72438
0.63875 0.720015
0.64 0.715258
0.64125 0.715347
0.6425 0.715725
0.64375 0.70978
0.645 0.707851
0.64625 0.705752
0.6475 0.703938
0.64875 0.700057
0.65 0.696648
0.65125 0.699176
0.6525 0.692441
0.65375 0.688061
0.655 0.687923
0.65625 0.685383
0.6575 0.685034
0.65875 0.679383
0.66 0.676432
0.66125 0.678719
0.6625 0.67118
0.66375 0.670681
0.665 0.670854
0.66625 0.666826
0.6675 0.664099
0.66875 0.659483
0.67 0.654613
0.67125 0.654724
0.6725 0.653168
0.67375 0.650688
0.675 0.646936
0.67625 0.645826
0.6775 0.643292
0.67875 0.641299
0.68 0.638319
0.68125 0.637353
0.6825 0.632882
0.68375 0.629964
0.685 0.627726
0.68625 0.624309
0.6875 0.622577
0.68875 0.621585
0.69 0.616479
0.69125 0.616893
0.6925 0.611438
0.69375 0.608423
0.695 0.609791
0.69625 0.60633
0.6975 0.605062
0.69875 0.59971
0.7 0.596982
0.70125 0.596815
0.7025 0.591707
0.70375 0.588398
0.705 0.588885
0.70625 0.583372
0.7075 0.584887
0.70875 0.58023
0.71 0.577908
0.71125 0.57595
0.7125 0.575075
0.71375 0.570906
0.715 0.566077
0.71625 0.564166
0.7175 0.563951
0.71875 0.560516
0.72 0.557572
0.72125 0.556068
0.7225 0.552431
0.72375 0.550361
0.725 0.549281
0.72625 0.54449
0.7275 0.543585
0.72875 0.54163
0.73 0.538553
0.73125 0.535289
0.7325 0.534041
0.73375 0.530166
0.735 0.527679
0.73625 0.527012
0.7375 0.52356
0.73875 0.520991
0.74 0.5178
0.74125 0.513792
0.7425 0.513619
0.74375 0.512738
0.745 0.507096
0.74625 0.503244
0.7475 0.50069
0.74875 0.500737
0.75 0.498338
0.75125 0.495713
0.7525 0.493206
0.75375 0.48766
0.755 0.487625
0.75625 0.486513
0.7575 0.484064
0.75875 0.479141
0.76 0.475853
0.76125 0.475979
0.7625 0.47311
0.76375 0.469244
0.765 0.467659
0.76625 0.465504
0.7675 0.461614
0.76875 0.459955
0.77 0.456614
0.77125 0.455586
0.7725 0.452336
0.77375 0.451799
0.775 0.44468
0.77625 0.445176
0.7775 0.443224
0.77875 0.437461
0.78 0.437828
0.78125 0.43552
0.7825 0.433735
0.78375 0.429052
0.785 0.426968
0.78625 0.423298
0.7875 0.42321
0.78875 0.420709
0.79 0.41703
0.79125 0.414041
0.7925 0.413055
0.79375 0.409335
0.795 0.408393
0.79625 0.40519
0.7975 0.403995
0.79875 0.398299
0.8 0.397812
0.80125 0.393399
0.8025 0.392228
0.80375 0.390393
0.805 0.386632
0.80625 0.384293
0.8075 0.383048
0.80875 0.379404
0.81 0.378894
0.81125 0.375588
0.8125 0.372147
0.81375 0.368421
0.815 0.369402
0.81625 0.365964
0.8175 0.362121
0.81875 0.359778
0.82 0.355642
0.82125 0.355947
0.8225 0.354006
0.82375 0.348446
0.825 0.349124
0.82625 0.344779
0.8275 0.344826
0.82875 0.339947
0.83 0.338059
0.83125 0.336394
0.8325 0.33209
0.83375 0.329222
0.835 0.326594
0.83625 0.323791
0.8375 0.323227
0.83875 0.320256
0.84 0.318148
0.84125 0.316005
0.8425 0.31343
0.84375 0.312511
0.845 0.308959
0.84625 0.304091
0.8475 0.301584
0.84875 0.30058
0.85 0.297876
0.85125 0.295237
0.8525 0.290616
0.85375 0.290363
0.855 0.287369
0.85625 0.286705
0.8575 0.284424
0.85875 0.281808
0.86 0.278773
0.86125 0.275528
0.8625 0.27229
0.86375 0.269977
0.865 0.267596
0.86625 0.265036
0.8675 0.261715
0.86875 0.259795
0.87 0.258574
0.87125 0.255186
0.8725 0.254232
0.87375 0.252015
0.875 0.248519
0.87625 0.244241
0.8775 0.242612
0.87875 0.241596
0.88 0.236908
0.88125 0.236893
0.8825 0.232683
0.88375 0.228584
0.885 0.227803
0.88625 0.226142
0.8875 0.223194
0.88875 0.220711
0.89 0.218655
0.89125 0.216592
0.8925 0.213406
0.89375 0.209413
0.895 0.207129
0.89625 0.20501
0.8975 0.203233
0.89875 0.201495
0.9 0.198521
0.90125 0.196493
0.9025 0.193889
0.90375 0.191417
0.905 0.187741
0.90625 0.184559
0.9075 0.184456
0.90875 0.180977
0.91 0.177457
0.91125 0.177389
0.9125 0.173306
0.91375 0.171183
0.915 0.167114
0.91625 0.16485
0.9175 0.163127
0.91875 0.160174
0.92 0.157919
0.92125 0.157076
0.9225 0.153785
0.92375 0.151448
0.925 0.148862
0.92625 0.146208
0.9275 0.143325
0.92875 0.139693
0.93 0.138369
0.93125 0.136754
0.9325 0.134241
0.93375 0.131185
0.935 0.128563
0.93625 0.125874
0.9375 0.122965
0.93875 0.12152
0.94 0.119239
0.94125 0.11591
0.9425 0.113497
0.94375 0.110708
0.945 0.10879
0.94625 0.105667
0.9475 0.103817
0.94875 0.10023
0.95 0.0993987
0.95125 0.0970911
0.9525 0.0937736
0.95375 0.0915629
0.955 0.0887798
0.95625 0.0871181
0.9575 0.0835217
0.95875 0.0810673
0.96 0.078337
0.96125 0.0755186
0.9625 0.0732316
0.96375 0.0700374
0.965 0.0684608
0.96625 0.0663852
0.9675 0.0638486
0.96875 0.0608658
0.97 0.058526
0.97125 0.0557281
0.9725 0.0539079
0.97375 0.050561
0.975 0.0488935
0.97625 0.045849
0.9775 0.0433741
0.97875 0.0415685
0.98 0.038618
0.98125 0.0355941
0.9825 0.0342495
0.98375 0.0315603
0.985 0.0286861
0.98625 0.0261231
0.9875 0.0236834
0.98875 0.0208738
0.99 0.0181699
0.99125 0.0161471
0.9925 0.0134461
0.99375 0.011347
0.995 0.00886623
0.99625 0.00635316
0.9975 0.00388999
0.99875 0.00140627
