0 1.86244
0.00125 1.87228
0.0025 1.87604
0.00375 1.85955
0.005 1.86403
0.00625 1.8814
0.0075 1.87083
0.00875 1.87141
0.01 1.84203
0.01125 1.83957
0.0125 1.8801
0.01375 1.87098
0.015 1.86201
0.01625 1.87416
0.0175 1.85969
0.01875 1.84305
0.02 1.83465
0.02125 1.84435
0.0225 1.84942
0.02375 1.85622
0.025 1.84638
0.02625 1.87662
0.0275 1.86259
0.02875 1.87228
0.03 1.89862
0.03125 1.84811
0.0325 1.92265
0.03375 1.86591
0.035 1.89978
0.03625 1.90065
0.0375 1.91469
0.03875 1.91642
0.04 1.93032
0.04125 1.95694
0.0425 1.98734
0.04375 2.00716
0.045 1.96809
0.04625 1.96983
0.0475 2.01049
0.04875 1.99284
0.05 2.01773
0.05125 2.00181
0.0525 2.02323
0.05375 1.97561
0.055 1.99269
0.05625 2.01093
0.0575 1.95405
0.05875 1.96983
0.06 1.95666
0.06125 1.91859
0.0625 1.89732
0.06375 1.87387
0.065 1.8539
0.06625 1.82655
0.0675 1.79717
0.06875 1.8157
0.07 1.77184
0.07125 1.77778
0.0725 1.7963
0.07375 1.74985
0.075 1.7649
0.07625 1.76417
0.0775 1.76113
0.07875 1.76765
0.08 1.77995
0.08125 1.78444
0.0825 1.78255
0.08375 1.78574
0.085 1.7814
0.08625 1.82337
0.0875 1.8416
0.08875 1.85564
0.09 1.80195
0.09125 1.83625
0.0925 1.86476
0.09375 1.84218
0.095 1.8484
0.09625 1.85651
0.0975 1.87937
0.09875 1.87619
0.1 1.88125
0.10125 1.85795
0.1025 1.84826
0.10375 1.84811
0.105 1.84276
0.10625 1.84435
0.1075 1.83639
0.10875 1.82076
0.11 1.8374
0.11125 1.80137
0.1125 1.78067
0.11375 1.78009
0.115 1.7798
0.11625 1.7717
0.1175 1.77315
0.11875 1.72568
0.12 1.73986
0.12125 1.74898
0.1225 1.72177
0.12375 1.71974
0.125 1.70614
0.12625 1.71931
0.1275 1.68979
0.12875 1.67734
0.13 1.71005
0.13125 1.71251
0.1325 1.69688
0.13375 1.69992
0.135 1.6963
0.13625 1.71728
0.1375 1.69659
0.13875 1.70021
0.14 1.74319
0.14125 1.71685
0.1425 1.72959
0.14375 1.72481
0.145 1.71395
0.14625 1.72322
0.1475 1.73957
0.14875 1.75824
0.15 1.72177
0.15125 1.71106
0.1525 1.73089
0.15375 1.73668
0.155 1.73754
0.15625 1.72799
0.1575 1.71497
0.15875 1.70976
0.16 1.71034
0.16125 1.69283
0.1625 1.69746
0.16375 1.69225
0.165 1.66793
0.16625 1.66996
0.1675 1.65042
0.16875 1.64101
0.17 1.66171
0.17125 1.6578
0.1725 1.65129
0.17375 1.62408
0.175 1.65187
0.17625 1.64159
0.1775 1.65664
0.17875 1.60541
0.18 1.629
0.18125 1.60527
0.1825 1.61062
0.18375 1.60975
0.185 1.62683
0.18625 1.61714
0.1875 1.62292
0.18875 1.6167
0.19 1.61988
0.19125 1.59528
0.1925 1.59745
0.19375 1.60889
0.195 1.6125
0.19625 1.62509
0.1975 1.59977
0.19875 1.63465
0.2 1.60252
0.20125 1.63421
0.2025 1.6099
0.20375 1.61511
0.205 1.62799
0.20625 1.58197
0.2075 1.60483
0.20875 1.59904
0.21 1.58168
0.21125 1.58399
0.2125 1.59572
0.21375 1.5963
0.215 1.59572
0.21625 1.55635
0.2175 1.53305
0.21875 1.58081
0.22 1.55939
0.22125 1.57545
0.2225 1.55881
0.22375 1.52191
0.225 1.54912
0.22625 1.51424
0.2275 1.53088
0.22875 1.54506
0.23 1.54752
0.23125 1.54622
0.2325 1.54492
0.23375 1.53725
0.235 1.52581
0.23625 1.52842
0.2375 1.47444
0.23875 1.49875
0.24 1.5277
0.24125 1.53927
0.2425 1.51597
0.24375 1.49108
0.245 1.52017
0.24625 1.51626
0.2475 1.50295
0.24875 1.49991
0.25 1.53537
0.25125 1.5125
0.2525 1.50584
0.25375 1.49152
0.255 1.4782
0.25625 1.49803
0.2575 1.49513
0.25875 1.50367
0.26 1.48182
0.26125 1.48312
0.2625 1.47806
0.26375 1.49065
0.265 1.4494
0.26625 1.45316
0.2675 1.43913
0.26875 1.49933
0.27 1.47531
0.27125 1.48688
0.2725 1.43956
0.27375 1.45635
0.275 1.45606
0.27625 1.43811
0.2775 1.42668
0.27875 1.43522
0.28 1.44955
0.28125 1.43015
0.2825 1.43652
0.28375 1.41062
0.285 1.43724
0.28625 1.44173
0.2875 1.41293
0.28875 1.4384
0.29 1.39195
0.29125 1.41872
0.2925 1.42263
0.29375 1.41771
0.295 1.4164
0.29625 1.42089
0.2975 1.43507
0.29875 1.40237
0.3 1.39542
0.30125 1.40048
0.3025 1.39325
0.30375 1.39137
0.305 1.39889
0.30625 1.39079
0.3075 1.3905
0.30875 1.41901
0.31 1.38949
0.31125 1.39267
0.3125 1.37805
0.31375 1.35794
0.315 1.35794
0.31625 1.35678
0.3175 1.37429
0.31875 1.34752
0.32 1.34766
0.32125 1.34969
0.3225 1.34563
0.32375 1.35099
0.325 1.34723
0.32625 1.38254
0.3275 1.35721
0.32875 1.35678
0.33 1.31741
0.33125 1.33203
0.3325 1.31857
0.33375 1.32233
0.335 1.3355
0.33625 1.3604
0.3375 1.31365
0.33875 1.31032
0.34 1.30757
0.34125 1.34665
0.3425 1.32697
0.34375 1.29556
0.345 1.32754
0.34625 1.31901
0.3475 1.30888
0.34875 1.31741
0.35 1.30902
0.35125 1.28702
0.3525 1.31553
0.35375 1.29599
0.355 1.28876
0.35625 1.28601
0.3575 1.30309
0.35875 1.27892
0.36 1.26546
0.36125 1.28731
0.3625 1.28514
0.36375 1.26893
0.365 1.27168
0.36625 1.26734
0.3675 1.27197
0.36875 1.26734
0.37 1.25562
0.37125 1.25533
0.3725 1.24708
0.37375 1.26025
0.375 1.25706
0.37625 1.24158
0.3775 1.22392
0.37875 1.2452
0.38 1.25374
0.38125 1.23304
0.3825 1.22913
0.38375 1.23999
0.385 1.24462
0.38625 1.22986
0.3875 1.20815
0.38875 1.23478
0.39 1.21596
0.39125 1.19946
0.3925 1.22595
0.39375 1.19961
0.395 1.21379
0.39625 1.2313
0.3975 1.21886
0.39875 1.18557
0.4 1.2012
0.40125 1.21133
0.4025 1.20728
0.40375 1.20149
0.405 1.18094
0.40625 1.20786
0.4075 1.197
0.40875 1.18195
0.41 1.18774
0.41125 1.18282
0.4125 1.19556
0.41375 1.17341
0.415 1.16893
0.41625 1.18152
0.4175 1.15822
0.41875 1.17009
0.42 1.14447
0.42125 1.14968
0.4225 1.16328
0.42375 1.16256
0.425 1.15721
0.42625 1.13173
0.4275 1.14852
0.42875 1.14186
0.43 1.12001
0.43125 1.12291
0.4325 1.1436
0.43375 1.12942
0.435 1.14071
0.43625 1.1203
0.4375 1.11784
0.43875 1.10916
0.44 1.11581
0.44125 1.1067
0.4425 1.11176
0.44375 1.10612
0.445 1.12377
0.44625 1.13304
0.4475 1.10901
0.44875 1.10612
0.45 1.07717
0.45125 1.11379
0.4525 1.11017
0.45375 1.10076
0.455 1.09613
0.45625 1.09772
0.4575 1.09078
0.45875 1.097
0.46 1.0944
0.46125 1.09136
0.4625 1.07833
0.46375 1.0711
0.465 1.05445
0.46625 1.0711
0.4675 1.0601
0.46875 1.07616
0.47 1.0339
0.47125 1.0847
0.4725 1.05764
0.47375 1.04012
0.475 1.06227
0.47625 1.0546
0.4775 1.04461
0.47875 1.04258
0.48 1.02826
0.48125 1.02522
0.4825 1.02305
0.48375 1.01465
0.485 1.02522
0.48625 1.00771
0.4875 1.01653
0.48875 1.02319
0.49 1.03882
0.49125 1.02377
0.4925 1.02594
0.49375 1.01176
0.495 1.00857
0.49625 1.01451
0.4975 1.0106
0.49875 0.995839
0.5 1.00308
0.50125 0.98484
0.5025 1.00438
0.50375 1.01378
0.505 1.03448
0.50625 1.00148
0.5075 0.97963
0.50875 0.965737
0.51 0.982669
0.51125 0.97167
0.5125 0.991063
0.51375 0.978907
0.515 0.983393
0.51625 0.973986
0.5175 0.967039
0.51875 0.986432
0.52 0.973552
0.52125 0.964
0.5225 0.968921
0.52375 0.943449
0.525 0.927964
0.52625 0.948081
0.5275 0.940844
0.52875 0.948949
0.53 0.907848
0.53125 0.912334
0.5325 0.915807
0.53375 0.934911
0.535 0.932161
0.53625 0.91986
0.5375 0.927675
0.53875 0.923478
0.54 0.908426
0.54125 0.933174
0.5425 0.921017
0.54375 0.903506
0.545 0.89873
0.54625 0.916531
0.5475 0.913781
0.54875 0.906256
0.55 0.896414
0.55125 0.893375
0.5525 0.909874
0.55375 0.902059
0.555 0.911176
0.55625 0.912189
0.5575 0.88585
0.55875 0.870075
0.56 0.883679
0.56125 0.880929
0.5625 0.88064
0.56375 0.879627
0.565 0.875574
0.56625 0.883389
0.5675 0.877456
0.56875 0.86197
0.57 0.869496
0.57125 0.850103
0.5725 0.854734
0.57375 0.865444
0.575 0.855458
0.57625 0.829408
0.5775 0.861826
0.57875 0.850971
0.58 0.842578
0.58125 0.834039
0.5825 0.81016
0.58375 0.824487
0.585 0.821737
0.58625 0.821014
0.5875 0.816383
0.58875 0.818698
0.59 0.820435
0.59125 0.81754
0.5925 0.81537
0.59375 0.805384
0.595 0.81508
0.59625 0.793806
0.5975 0.801621
0.59875 0.789898
0.6 0.819567
0.60125 0.808133
0.6025 0.796845
0.60375 0.808712
0.605 0.790043
0.60625 0.798871
0.6075 0.776584
0.60875 0.780202
0.61 0.808133
0.61125 0.787583
0.6125 0.776729
0.61375 0.779623
0.615 0.754296
0.61625 0.773255
0.6175 0.760085
0.61875 0.753573
0.62 0.743008
0.62125 0.766164
0.6225 0.762401
0.62375 0.760375
0.625 0.755454
0.62625 0.755599
0.6275 0.72622
0.62875 0.759072
0.63 0.753718
0.63125 0.727957
0.6325 0.73418
0.63375 0.726075
0.635 0.751981
0.63625 0.719418
0.6375 0.71826
0.63875 0.714642
0.64 0.709577
0.64125 0.717826
0.6425 0.715655
0.64375 0.728536
0.645 0.707117
0.64625 0.689605
0.6475 0.702196
0.64875 0.716524
0.65 0.695973
0.65125 0.690908
0.6525 0.725062
0.65375 0.692355
0.655 0.681501
0.65625 0.68179
0.6575 0.681211
0.65875 0.66616
0.66 0.687
0.66125 0.677014
0.6625 0.672528
0.66375 0.68179
0.665 0.693368
0.66625 0.67383
0.6675 0.665581
0.66875 0.678172
0.67 0.653135
0.67125 0.676725
0.6725 0.65053
0.67375 0.668765
0.675 0.654727
0.67625 0.654438
0.6775 0.643149
0.67875 0.632005
0.68 0.64532
0.68125 0.631716
0.6825 0.635334
0.68375 0.641557
0.685 0.636492
0.68625 0.639676
0.6875 0.608271
0.68875 0.620572
0.69 0.603785
0.69125 0.602482
0.6925 0.62202
0.69375 0.597851
0.695 0.611889
0.69625 0.617533
0.6975 0.601324
0.69875 0.612902
0.7 0.588299
0.70125 0.614639
0.7025 0.592062
0.70375 0.594667
0.705 0.600311
0.70625 0.581352
0.7075 0.585549
0.70875 0.562538
0.71 0.583813
0.71125 0.579471
0.7125 0.580339
0.71375 0.592641
0.715 0.586418
0.71625 0.548934
0.7175 0.557907
0.71875 0.568038
0.72 0.557328
0.72125 0.565578
0.7225 0.545172
0.72375 0.548356
0.725 0.564565
0.72625 0.559355
0.7275 0.543724
0.72875 0.562973
0.73 0.534896
0.73125 0.53837
0.7325 0.513912
0.73375 0.546764
0.735 0.549948
0.73625 0.527081
0.7375 0.533304
0.73875 0.521437
0.74 0.534173
0.74125 0.520569
0.7425 0.527081
0.74375 0.519845
0.745 0.498281
0.74625 0.509136
0.7475 0.51478
0.74875 0.492348
0.75 0.496834
0.75125 0.490177
0.7525 0.486269
0.75375 0.484677
0.755 0.495532
0.75625 0.482217
0.7575 0.481059
0.75875 0.495242
0.76 0.472231
0.76125 0.483375
0.7625 0.462824
0.76375 0.474692
0.765 0.470495
0.76625 0.448063
0.7675 0.469626
0.76875 0.456456
0.77 0.468179
0.77125 0.471073
0.7725 0.450523
0.77375 0.464706
0.775 0.449076
0.77625 0.452549
0.7775 0.452259
0.77875 0.433301
0.78 0.445313
0.78125 0.441984
0.7825 0.446471
0.78375 0.440392
0.785 0.442997
0.78625 0.424038
0.7875 0.438221
0.78875 0.432143
0.79 0.426209
0.79125 0.420276
0.7925 0.405514
0.79375 0.420999
0.795 0.420565
0.79625 0.401028
0.7975 0.395383
0.79875 0.414921
0.8 0.402909
0.80125 0.389016
0.8025 0.402619
0.80375 0.387568
0.805 0.377872
0.80625 0.391331
0.8075 0.37628
0.80875 0.378161
0.81 0.38149
0.81125 0.382648
0.8125 0.378451
0.81375 0.372228
0.815 0.370491
0.81625 0.369044
0.8175 0.361373
0.81875 0.364413
0.82 0.353848
0.82125 0.35023
0.8225 0.338362
0.82375 0.338218
0.825 0.364268
0.82625 0.352979
0.8275 0.335902
0.82875 0.336047
0.83 0.345309
0.83125 0.334165
0.8325 0.342559
0.83375 0.338652
0.835 0.329824
0.83625 0.333297
0.8375 0.343717
0.83875 0.329969
0.84 0.317378
0.84125 0.327219
0.8425 0.320706
0.84375 0.315062
0.845 0.317088
0.84625 0.314628
0.8475 0.318391
0.84875 0.294946
0.85 0.307536
0.85125 0.294077
0.8525 0.298129
0.85375 0.295959
0.855 0.299866
0.85625 0.291327
0.8575 0.285828
0.85875 0.29509
0.86 0.275697
0.86125 0.27946
0.8625 0.264409
0.86375 0.260212
0.865 0.266001
0.86625 0.26383
0.8675 0.250516
0.86875 0.258186
0.87 0.252397
0.87125 0.250371
0.8725 0.247766
0.87375 0.249792
0.875 0.253265
0.87625 0.237925
0.8775 0.237491
0.87875 0.236477
0.88 0.233728
0.88125 0.236912
0.8825 0.226057
0.88375 0.234162
0.885 0.231123
0.88625 0.230978
0.8875 0.22461
0.88875 0.236333
0.89 0.225334
0.89125 0.219979
0.8925 0.219979
0.89375 0.21419
0.895 0.212453
0.89625 0.218387
0.8975 0.214045
0.89875 0.208546
0.9 0.208835
0.90125 0.202323
0.9025 0.204638
0.90375 0.202612
0.905 0.192482
0.90625 0.185101
0.9075 0.187561
0.90875 0.183075
0.91 0.174681
0.91125 0.173378
0.9125 0.169471
0.91375 0.175404
0.915 0.165997
0.91625 0.165708
0.9175 0.156301
0.91875 0.15138
0.92 0.158906
0.92125 0.147039
0.9225 0.148486
0.92375 0.147473
0.925 0.147762
0.92625 0.137921
0.9275 0.137776
0.92875 0.135605
0.93 0.133724
0.93125 0.138934
0.9325 0.125475
0.93375 0.134014
0.935 0.129382
0.93625 0.131843
0.9375 0.12012
0.93875 0.118962
0.94 0.12562
0.94125 0.119252
0.9425 0.118383
0.94375 0.112016
0.945 0.110134
0.94625 0.109411
0.9475 0.1097
0.94875 0.10449
0.95 0.107674
0.95125 0.0981222
0.9525 0.0991353
0.95375 0.0971092
0.955 0.0946489
0.95625 0.0939253
0.9575 0.0875574
0.95875 0.0817685
0.96 0.071059
0.96125 0.0772821
0.9625 0.075256
0.96375 0.0754007
0.965 0.0697565
0.96625 0.0717826
0.9675 0.0655595
0.96875 0.0568762
0.97 0.0516661
0.97125 0.0529686
0.9725 0.0554289
0.97375 0.04443
0.975 0.0466008
0.97625 0.0434169
0.9775 0.04443
0.97875 0.0397988
0.98 0.0337205
0.98125 0.0327074
0.9825 0.035023
0.98375 0.0299577
0.985 0.0267738
0.98625 0.0247476
0.9875 0.0228662
0.98875 0.0221426
0.99 0.0150512
0.99125 0.0164984
0.9925 0.0144723
0.99375 0.00853866
0.995 0.00868338
0.99625 0.00738087
0.9975 0.00260501
0.99875 0.00115778
