0 0
0.00176777 0
0.00353553 0
0.0053033 0
0.00707107 0
0.00883883 0
0.0106066 0
0.0123744 0
0.0141421 0
0.0159099 0
0.0176777 0
0.0194454 0
0.0212132 0
0.022981 0
0.0247487 0
0.0265165 0
0.0282843 0
0.030052 0
0.0318198 0
0.0335876 0
0.0353553 0
0.0371231 0
0.0388909 0.2646
0.0406586 0.701498
0.0424264 0.641501
0.0441942 0.644578
0.0459619 0.590735
0.0477297 0.598427
0.0494975 0.587658
0.0512652 0.552276
0.053033 0.530739
0.0548008 0.51997
0.0565685 0.569198
0.0583363 0.539969
0.0601041 0.53843
0.0618718 0.572275
0.0636396 0.527662
0.0654074 0.553814
0.0671751 0.547661
0.0689429 0.530739
0.0707107 0.539969
0.0724784 0.523047
0.0742462 0.507663
0.076014 0.521508
0.0777817 0.533815
0.0795495 0.653808
0.0813173 0.613811
0.083085 0.626118
0.0848528 0.704575
0.0866206 0.698421
0.0883883 0.664577
0.0901561 0.758418
0.0919239 0.769186
0.0936916 0.735342
0.0954594 0.761495
0.0972272 0.792262
0.0989949 0.810722
0.100763 0.799954
0.10253 0.787647
0.104298 0.855335
0.106066 0.819953
0.107834 0.787647
0.109602 0.856874
0.111369 0.896871
0.113137 0.835336
0.114905 0.892256
0.116673 0.818414
0.11844 0.913793
0.120208 0.944561
0.121976 0.953791
0.123744 0.895333
0.125511 0.9261
0.127279 0.939946
0.129047 0.887641
0.130815 0.979943
0.132583 0.986097
0.13435 1.02917
0.136118 0.950714
0.137886 1.09994
0.139654 0.986097
0.141421 1.04456
0.143189 1.02456
0.144957 1.03686
0.146725 1.11071
0.148492 1.05686
0.15026 1.07225
0.152028 1.13686
0.153796 1.19993
0.155563 1.12609
0.157331 1.07532
0.159099 1.08455
0.160867 1.21378
0.162635 1.21839
0.164402 1.15686
0.16617 1.15532
0.167938 1.2507
0.169706 1.22916
0.171473 1.12455
0.173241 1.20455
0.175009 1.19378
0.176777 1.26147
0.178544 1.20916
0.180312 1.23839
0.18208 1.25531
0.183848 1.24301
0.185616 1.24916
0.187383 1.32762
0.189151 1.20147
0.190919 1.27531
0.192687 1.35838
0.194454 1.31069
0.196222 1.39838
0.19799 1.33992
0.199758 1.43684
0.201525 1.32608
0.203293 1.33838
0.205061 1.42453
0.206829 1.32454
0.208596 1.38454
0.210364 1.37992
0.212132 1.41223
0.2139 1.38454
0.215668 1.35069
0.217435 1.34608
0.219203 1.4953
0.220971 1.36146
0.222739 1.46607
0.224506 1.57837
0.226274 1.36454
0.228042 1.51837
0.22981 1.41376
0.231577 1.41223
0.233345 1.45992
0.235113 1.55991
0.236881 1.54606
0.238649 1.4953
0.240416 1.48607
0.242184 1.45992
0.243952 1.50145
0.24572 1.5153
0.247487 1.66452
0.249255 1.58452
0.251023 1.49838
0.252791 1.57068
0.254558 1.57837
0.256326 1.52299
0.258094 1.48145
0.259862 1.6599
0.261629 1.58452
0.263397 1.47376
0.265165 1.58145
0.266933 1.64914
0.268701 1.58452
0.270468 1.57683
0.272236 1.65683
0.274004 1.65221
0.275772 1.6599
0.277539 1.73067
0.279307 1.70913
0.281075 1.79528
0.282843 1.76298
0.28461 1.65683
0.286378 1.64606
0.288146 1.65067
0.289914 1.62606
0.291682 1.6476
0.293449 1.65529
0.295217 1.63375
0.296985 1.82759
0.298753 1.70452
0.30052 1.63068
0.302288 1.74144
0.304056 1.69221
0.305824 1.63221
0.307591 1.63991
0.309359 1.80451
0.311127 1.78605
0.312895 1.71682
0.314663 1.74913
0.31643 1.70606
0.318198 1.88143
0.319966 1.85066
0.321734 1.70144
0.323501 1.85835
0.325269 1.70144
0.327037 1.89681
0.328805 1.83682
0.330572 1.77067
0.33234 1.86912
0.334108 1.85066
0.335876 1.74759
0.337643 1.8199
0.339411 1.73375
0.341179 1.89989
0.342947 1.78451
0.344715 1.79374
0.346482 1.86297
0.34825 1.77374
0.350018 1.7799
0.351786 1.7999
0.353553 1.93066
0.355321 1.82605
0.357089 1.75682
0.358857 1.86912
0.360624 1.81374
0.362392 1.93066
0.36416 1.87989
0.365928 1.90143
0.367696 1.84451
0.369463 1.85528
0.371231 1.82143
0.372999 1.77528
0.374767 1.90604
0.376534 1.87374
0.378302 1.9445
0.38007 1.78297
0.381838 2.02911
0.383605 1.94296
0.385373 1.86297
0.387141 1.83836
0.388909 1.92297
0.390676 1.99373
0.392444 1.83528
0.394212 1.89374
0.39598 1.87989
0.397748 1.94758
0.399515 1.85374
0.401283 1.88451
0.403051 1.98604
0.404819 1.99219
0.406586 1.97066
0.408354 1.82451
0.410122 1.85989
0.41189 1.99988
0.413657 1.89681
0.415425 1.91066
0.417193 1.7599
0.418961 1.9122
0.420729 2.0845
0.422496 1.78451
0.424264 1.94296
0.426032 1.96143
0.4278 1.95527
0.429567 1.94912
0.431335 1.97681
0.433103 2.0045
0.434871 1.96758
0.436638 1.91374
0.438406 1.95527
0.440174 1.93681
0.441942 1.91066
0.443709 2.03219
0.445477 1.93373
0.447245 1.95527
0.449013 2.01219
0.450781 1.85989
0.452548 1.99988
0.454316 1.91374
0.456084 1.95066
0.457852 2.03988
0.459619 1.92297
0.461387 1.86605
0.463155 1.92297
0.464923 2.02296
0.46669 1.94296
0.468458 1.90451
0.470226 1.9445
0.471994 2.0245
0.473762 1.90297
0.475529 1.99373
0.477297 2.04757
0.479065 2.08757
0.480833 2.01527
0.4826 1.9522
0.484368 1.97219
0.486136 1.81682
0.487904 2.0045
0.489671 1.88605
0.491439 1.93066
0.493207 1.96758
0.494975 1.9845
0.496742 1.93066
0.49851 1.83528
0.500278 1.81374
0.502046 1.98142
0.503814 2.05834
0.505581 2.02758
0.507349 1.89374
0.509117 1.93989
0.510885 2.0768
0.512652 1.95066
0.51442 1.94143
0.516188 1.94296
0.517956 1.93527
0.519723 1.92604
0.521491 2.03373
0.523259 2.03527
0.525027 1.83374
0.526795 2.03681
0.528562 1.97373
0.53033 2.02296
0.532098 1.92143
0.533866 2.01681
0.535633 1.82297
0.537401 1.82605
0.539169 1.95373
0.540937 1.98912
0.542704 1.89989
0.544472 1.97835
0.54624 1.93681
0.548008 1.86297
0.549775 1.9445
0.551543 1.93835
0.553311 1.98758
0.555079 1.88143
0.556847 1.86605
0.558614 1.93681
0.560382 1.84143
0.56215 1.96912
0.563918 1.98758
0.565685 1.86758
0.567453 1.93066
0.569221 1.82913
0.570989 2.01835
0.572756 1.93373
0.574524 1.88758
0.576292 1.95373
0.57806 1.86912
0.579828 1.82605
0.581595 1.94296
0.583363 1.93527
0.585131 1.88912
0.586899 1.93373
0.588666 2.02142
0.590434 1.83066
0.592202 1.83682
0.59397 1.85528
0.595737 1.85528
0.597505 1.9445
0.599273 1.72452
0.601041 1.83836
0.602809 1.7799
0.604576 1.84912
0.606344 1.74298
0.608112 1.82759
0.60988 1.89835
0.611647 1.93527
0.613415 1.88605
0.615183 1.9122
0.616951 1.82451
0.618718 1.95066
0.620486 1.85374
0.622254 1.77221
0.624022 1.91066
0.625789 1.98604
0.627557 1.73221
0.629325 1.69221
0.631093 1.84759
0.632861 1.85374
0.634628 1.83989
0.636396 1.79374
0.638164 1.81066
0.639932 1.77836
0.641699 1.84451
0.643467 1.71682
0.645235 1.73528
0.647003 1.67375
0.64877 1.91066
0.650538 1.89066
0.652306 1.69529
0.654074 1.74144
0.655842 1.80451
0.657609 1.73682
0.659377 1.8199
0.661145 1.68298
0.662913 1.73528
0.66468 1.76298
0.666448 1.84605
0.668216 1.70298
0.669984 1.68759
0.671751 1.75374
0.673519 1.78451
0.675287 1.76605
0.677055 1.7922
0.678823 1.75067
0.68059 1.62914
0.682358 1.70759
0.684126 1.72144
0.685894 1.66298
0.687661 1.65837
0.689429 1.50453
0.691197 1.6599
0.692965 1.70298
0.694732 1.55991
0.6965 1.7399
0.698268 1.6799
0.700036 1.59837
0.701803 1.68298
0.703571 1.72452
0.705339 1.70759
0.707107 1.69836
0.708875 1.6676
0.710642 1.59068
0.71241 1.69529
0.714178 1.56914
0.715946 1.74451
0.717713 1.59683
0.719481 1.61683
0.721249 1.58452
0.723017 1.55683
0.724784 1.51222
0.726552 1.48299
0.72832 1.56914
0.730088 1.51222
0.731856 1.55068
0.733623 1.50761
0.735391 1.46299
0.737159 1.60145
0.738927 1.52914
0.740694 1.56145
0.742462 1.56606
0.74423 1.44915
0.745998 1.5876
0.747765 1.42761
0.749533 1.45069
0.751301 1.56299
0.753069 1.50607
0.754836 1.49222
0.756604 1.53222
0.758372 1.53222
0.76014 1.65067
0.761908 1.54145
0.763675 1.42453
0.765443 1.46453
0.767211 1.39838
0.768979 1.48453
0.770746 1.39223
0.772514 1.50453
0.774282 1.35684
0.77605 1.55222
0.777817 1.29993
0.779585 1.343
0.781353 1.45069
0.783121 1.39684
0.784889 1.36915
0.786656 1.30762
0.788424 1.35992
0.790192 1.39992
0.79196 1.25377
0.793727 1.34915
0.795495 1.40915
0.797263 1.29531
0.799031 1.403
0.800798 1.27531
0.802566 1.40761
0.804334 1.37223
0.806102 1.30608
0.807869 1.31685
0.809637 1.33069
0.811405 1.34454
0.813173 1.283
0.814941 1.27223
0.816708 1.33838
0.818476 1.25685
0.820244 1.31992
0.822012 1.23685
0.823779 1.20762
0.825547 1.23685
0.827315 1.15224
0.829083 1.29223
0.83085 1.19839
0.832618 1.28916
0.834386 1.23224
0.836154 1.15993
0.837922 1.20455
0.839689 1.14301
0.841457 1.18916
0.843225 1.10917
0.844993 1.13993
0.84676 1.19378
0.848528 1.11532
0.850296 1.11686
0.852064 1.08301
0.853831 1.10455
0.855599 1.0984
0.857367 1.07994
0.859135 1.14147
0.860902 1.1707
0.86267 1.11532
0.864438 1.09686
0.866206 1.02763
0.867974 1.07994
0.869741 1.09071
0.871509 1.10917
0.873277 1.09994
0.875045 1.02763
0.876812 0.943023
0.87858 0.984559
0.880348 1.03071
0.882116 1.10455
0.883883 0.976867
0.885651 1.06148
0.887419 0.936869
0.889187 0.901486
0.890954 0.929177
0.892722 0.90764
0.89449 0.932254
0.896258 0.969175
0.898026 0.881488
0.899793 0.9261
0.901561 0.910717
0.903329 0.921485
0.905097 0.886103
0.906864 0.936869
0.908632 0.869181
0.9104 0.824568
0.912168 0.85072
0.913935 0.830721
0.915703 0.85995
0.917471 0.863027
0.919239 0.83226
0.921007 0.795339
0.922774 0.883026
0.924542 0.776878
0.92631 0.750726
0.928078 0.816876
0.929845 0.824568
0.931613 0.683038
0.933381 0.783032
0.935149 0.670731
0.936916 0.833798
0.938684 0.778417
0.940452 0.706113
0.94222 0.732265
0.943988 0.689191
0.945755 0.655347
0.947523 0.641501
0.949291 0.721497
0.951059 0.659962
0.952826 0.664577
0.954594 0.629194
0.956362 0.678422
0.95813 0.669192
0.959897 0.623041
0.961665 0.581505
0.963433 0.610734
0.965201 0.573813
0.966968 0.521508
0.968736 0.56766
0.970504 0.56766
0.972272 0.552276
0.97404 0.518432
0.975807 0.543046
0.977575 0.499971
0.979343 0.523047
0.981111 0.590735
0.982878 0.476896
0.984646 0.5292
0.986414 0.415361
0.988182 0.518432
0.989949 0.458435
0.991717 0.430744
0.993485 0.441513
0.995253 0.466127
0.997021 0.476896
0.998788 0.376901
1.00056 0.361518
1.00232 0.404592
1.00409 0.355364
1.00586 0.343057
1.00763 0.423053
1.00939 0.386132
1.01116 0.353826
1.01293 0.353826
1.0147 0.364594
1.01647 0.335365
1.01823 0.338442
1.02 0.309213
1.02177 0.336904
1.02354 0.304598
1.0253 0.338442
1.02707 0.267677
1.02884 0.359979
1.03061 0.309213
1.03238 0.301521
1.03414 0.232294
1.03591 0.249216
1.03768 0.295368
1.03945 0.279984
1.04121 0.241525
1.04298 0.252293
1.04475 0.235371
1.04652 0.252293
1.04829 0.226141
1.05005 0.250755
1.05182 0.25537
1.05359 0.276907
1.05536 0.239986
1.05712 0.190758
1.05889 0.258447
1.06066 0.216911
1.06243 0.238448
1.0642 0.212295
1.06596 0.201527
1.06773 0.210757
1.0695 0.17999
1.07127 0.181528
1.07303 0.226141
1.0748 0.187681
1.07657 0.215372
1.07834 0.130762
1.08011 0.183066
1.08187 0.169221
1.08364 0.170759
1.08541 0.178451
1.08718 0.133838
1.08894 0.149222
1.09071 0.12307
1.09248 0.129223
1.09425 0.149222
1.09602 0.195373
1.09778 0.143069
1.09955 0.175374
1.10132 0.126147
1.10309 0.17999
1.10485 0.130762
1.10662 0.139992
1.10839 0.143069
1.11016 0.126147
1.11193 0.129223
1.11369 0.107686
1.11546 0.112301
1.11723 0.129223
1.119 0.143069
1.12076 0.118455
1.12253 0.116916
1.1243 0.0830721
1.12607 0.0923024
1.12784 0.130762
1.1296 0.0876872
1.13137 0.104609
1.13314 0.090764
1.13491 0.0876872
1.13667 0.0984559
1.13844 0.0876872
1.14021 0.090764
1.14198 0.109224
1.14375 0.0815338
1.14551 0.101533
1.14728 0.06615
1.14905 0.0892256
1.15082 0.0953791
1.15258 0.0846105
1.15435 0.0876872
1.15612 0.0523047
1.15789 0.0753803
1.15966 0.0615349
1.16142 0.0553814
1.16319 0.0615349
1.16496 0.0738419
1.16673 0.0584582
1.16849 0.078457
1.17026 0.0846105
1.17203 0.0707651
1.1738 0.0553814
1.17557 0.0569198
1.17733 0.0615349
1.1791 0.0399977
1.18087 0.0430744
1.18264 0.0599965
1.1844 0.0507663
1.18617 0.0384593
1.18794 0.0615349
1.18971 0.0446128
1.19147 0.0646117
1.19324 0.0553814
1.19501 0.0461512
1.19678 0.0430744
1.19855 0.0307675
1.20031 0.0384593
1.20208 0.0323058
1.20385 0.0415361
1.20562 0.0399977
1.20738 0.0369209
1.20915 0.0399977
1.21092 0.0338442
1.21269 0.0230756
1.21446 0.0292291
1.21622 0.0292291
1.21799 0.0507663
1.21976 0.0399977
1.22153 0.0384593
1.22329 0.0292291
1.22506 0.0215372
1.22683 0.0184605
1.2286 0.0261523
1.23037 0.0153837
1.23213 0.0199988
1.2339 0.0215372
1.23567 0.024614
1.23744 0.0292291
1.2392 0.0261523
1.24097 0.0338442
1.24274 0.0230756
1.24451 0.00307675
1.24628 0.0169221
1.24804 0.0261523
1.24981 0.0184605
1.25158 0.0184605
1.25335 0.00769186
1.25511 0.0138454
1.25688 0.0230756
1.25865 0.0276907
1.26042 0.0230756
1.26219 0.00923024
1.26395 0.0138454
1.26572 0.00615349
1.26749 0.0153837
1.26926 0.012307
1.27102 0.00923024
1.27279 0.0138454
1.27456 0.00923024
1.27633 0.0153837
1.2781 0.012307
1.27986 0.00153837
1.28163 0.00769186
1.2834 0.00461512
1.28517 0.00461512
1.28693 0.00153837
1.2887 0.00769186
1.29047 0.0107686
1.29224 0.012307
1.29401 0.00769186
1.29577 0.0107686
1.29754 0.00615349
1.29931 0.00461512
1.30108 0.00615349
1.30284 0.00615349
1.30461 0.00153837
1.30638 0.00615349
1.30815 0.00461512
1.30992 0.00307675
1.31168 0.00153837
1.31345 0.00307675
1.31522 0.00307675
1.31699 0.00153837
1.31875 0.0107686
1.32052 0.00153837
1.32229 0.00615349
1.32406 0.00307675
1.32583 0.00153837
1.32759 0
1.32936 0.00153837
1.33113 0.00307675
1.3329 0
1.33466 0
1.33643 0.00153837
1.3382 0.00153837
1.33997 0.00461512
1.34174 0
1.3435 0.00153837
1.34527 0
1.34704 0.00153837
1.34881 0
1.35057 0
1.35234 0.00153837
1.35411 0
1.35588 0.00153837
1.35765 0
1.35941 0
1.36118 0.00307675
1.36295 0
1.36472 0
1.36648 0.00153837
1.36825 0
1.37002 0.00153837
1.37179 0
1.37355 0
1.37532 0
1.37709 0
1.37886 0
1.38063 0
1.38239 0
1.38416 0
1.38593 0
1.3877 0
1.38946 0
1.39123 0
1.393 0
1.39477 0
1.39654 0
1.3983 0
1.40007 0
1.40184 0
1.40361 0
1.40537 0
1.40714 0
1.40891 0
1.41068 0
1.41245 0
