0 1.952
0.00125 1.951
0.0025 1.94952
0.00375 1.94832
0.005 1.94539
0.00625 1.94775
0.0075 1.94983
0.00875 1.95092
0.01 1.95396
0.01125 1.95918
0.0125 1.96669
0.01375 1.98354
0.015 2.00811
0.01625 1.99302
0.0175 1.97752
0.01875 1.96884
0.02 1.95832
0.02125 1.95235
0.0225 1.94722
0.02375 1.94356
0.025 1.94131
0.02625 1.93915
0.0275 1.93733
0.02875 1.93925
0.03 1.93931
0.03125 1.9397
0.0325 1.93729
0.03375 1.93397
0.035 1.93331
0.03625 1.92796
0.0375 1.92514
0.03875 1.92288
0.04 1.92158
0.04125 1.91579
0.0425 1.91475
0.04375 1.91211
0.045 1.91035
0.04625 1.90781
0.0475 1.90458
0.04875 1.90202
0.05 1.9015
0.05125 1.89637
0.0525 1.89519
0.05375 1.89215
0.055 1.89005
0.05625 1.88728
0.0575 1.88485
0.05875 1.88148
0.06 1.87922
0.06125 1.87666
0.0625 1.87463
0.06375 1.87216
0.065 1.86813
0.06625 1.86778
0.0675 1.86408
0.06875 1.86204
0.07 1.85996
0.07125 1.85593
0.0725 1.85407
0.07375 1.85328
0.075 1.84858
0.07625 1.84737
0.0775 1.84445
0.07875 1.84178
0.08 1.83892
0.08125 1.83653
0.0825 1.83468
0.08375 1.83188
0.085 1.82825
0.08625 1.8275
0.0875 1.82484
0.08875 1.82301
0.09 1.8187
0.09125 1.81865
0.0925 1.81495
0.09375 1.81162
0.095 1.81045
0.09625 1.80662
0.0975 1.80523
0.09875 1.80131
0.1 1.80031
0.10125 1.79664
0.1025 1.79337
0.10375 1.79186
0.105 1.78926
0.10625 1.78678
0.1075 1.78396
0.10875 1.78172
0.11 1.77988
0.11125 1.77675
0.1125 1.77539
0.11375 1.77181
0.115 1.76959
0.11625 1.76657
0.1175 1.76557
0.11875 1.7612
0.12 1.75933
0.12125 1.75748
0.1225 1.75413
0.12375 1.75106
0.125 1.75017
0.12625 1.74661
0.1275 1.74519
0.12875 1.7423
0.13 1.7382
0.13125 1.73896
0.1325 1.73451
0.13375 1.73244
0.135 1.72835
0.13625 1.72675
0.1375 1.72474
0.13875 1.72178
0.14 1.72006
0.14125 1.71583
0.1425 1.71425
0.14375 1.71252
0.145 1.70958
0.14625 1.7074
0.1475 1.70463
0.14875 1.70238
0.15 1.69848
0.15125 1.69683
0.1525 1.69275
0.15375 1.6925
0.155 1.69028
0.15625 1.6861
0.1575 1.68359
0.15875 1.68286
0.16 1.67952
0.16125 1.67743
0.1625 1.67488
0.16375 1.67111
0.165 1.67
0.16625 1.66678
0.1675 1.66452
0.16875 1.66126
0.17 1.65919
0.17125 1.65609
0.1725 1.65452
0.17375 1.65224
0.175 1.64961
0.17625 1.64596
0.1775 1.6444
0.17875 1.64138
0.18 1.63895
0.18125 1.63708
0.1825 1.63447
0.18375 1.63132
0.185 1.62907
0.18625 1.62618
0.1875 1.62437
0.18875 1.62247
0.19 1.62003
0.19125 1.61736
0.1925 1.61394
0.19375 1.61223
0.195 1.60852
0.19625 1.60751
0.1975 1.60309
0.19875 1.60169
0.2 1.59879
0.20125 1.59662
0.2025 1.59463
0.20375 1.59089
0.205 1.58957
0.20625 1.58628
0.2075 1.58569
0.20875 1.58322
0.21 1.57971
0.21125 1.57672
0.2125 1.57379
0.21375 1.57124
0.215 1.56805
0.21625 1.56696
0.2175 1.56341
0.21875 1.56296
0.22 1.55821
0.22125 1.55667
0.2225 1.55436
0.22375 1.55116
0.225 1.55043
0.22625 1.54725
0.2275 1.54316
0.22875 1.54227
0.23 1.53863
0.23125 1.53642
0.2325 1.53432
0.23375 1.53205
0.235 1.52924
0.23625 1.52682
0.2375 1.52488
0.23875 1.52184
0.24 1.51936
0.24125 1.51662
0.2425 1.5154
0.24375 1.51132
0.245 1.51017
0.24625 1.50638
0.2475 1.50341
0.24875 1.5008
0.25 1.49897
0.25125 1.49694
0.2525 1.49456
0.25375 1.49165
0.255 1.48956
0.25625 1.48714
0.2575 1.48383
0.25875 1.48183
0.26 1.47867
0.26125 1.47593
0.2625 1.47369
0.26375 1.47228
0.265 1.46824
0.26625 1.4663
0.2675 1.46479
0.26875 1.46147
0.27 1.45843
0.27125 1.45717
0.2725 1.45364
0.27375 1.45287
0.275 1.44856
0.27625 1.44745
0.2775 1.44384
0.27875 1.44025
0.28 1.43903
0.28125 1.4352
0.2825 1.43408
0.28375 1.43172
0.285 1.42842
0.28625 1.42685
0.2875 1.42511
0.28875 1.42164
0.29 1.41967
0.29125 1.4166
0.2925 1.41515
0.29375 1.41043
0.295 1.40868
0.29625 1.40613
0.2975 1.40341
0.29875 1.40149
0.3 1.39802
0.30125 1.3973
0.3025 1.39485
0.30375 1.39213
0.305 1.38911
0.30625 1.3876
0.3075 1.38382
0.30875 1.38148
0.31 1.37867
0.31125 1.37654
0.3125 1.37417
0.31375 1.37172
0.315 1.36916
0.31625 1.36595
0.3175 1.36447
0.31875 1.36181
0.32 1.35897
0.32125 1.35705
0.3225 1.35313
0.32375 1.35179
0.325 1.34807
0.32625 1.34654
0.3275 1.34309
0.32875 1.34188
0.33 1.33928
0.33125 1.33683
0.3325 1.33394
0.33375 1.33116
0.335 1.32946
0.33625 1.32732
0.3375 1.32374
0.33875 1.3223
0.34 1.31845
0.34125 1.31705
0.3425 1.31366
0.34375 1.31062
0.345 1.30865
0.34625 1.30641
0.3475 1.30366
0.34875 1.30108
0.35 1.29872
0.35125 1.29738
0.3525 1.29398
0.35375 1.29114
0.355 1.28894
0.35625 1.28646
0.3575 1.28425
0.35875 1.28044
0.36 1.27902
0.36125 1.27673
0.3625 1.27438
0.36375 1.27107
0.365 1.26901
0.36625 1.26677
0.3675 1.26403
0.36875 1.26125
0.37 1.25879
0.37125 1.25622
0.3725 1.25399
0.37375 1.25158
0.375 1.24962
0.37625 1.246
0.3775 1.24388
0.37875 1.24082
0.38 1.23894
0.38125 1.23655
0.3825 1.23359
0.38375 1.23154
0.385 1.22947
0.38625 1.22586
0.3875 1.22327
0.38875 1.22149
0.39 1.22048
0.39125 1.21683
0.3925 1.21397
0.39375 1.21084
0.395 1.20861
0.39625 1.20626
0.3975 1.20344
0.39875 1.20182
0.4 1.19826
0.40125 1.19651
0.4025 1.19441
0.40375 1.19153
0.405 1.18866
0.40625 1.18718
0.4075 1.18394
0.40875 1.18075
0.41 1.17919
0.41125 1.17655
0.4125 1.17346
0.41375 1.17168
0.415 1.17038
0.41625 1.16641
0.4175 1.16368
0.41875 1.16234
0.42 1.15939
0.42125 1.15669
0.4225 1.15396
0.42375 1.15057
0.425 1.14886
0.42625 1.1465
0.4275 1.1448
0.42875 1.14143
0.43 1.13904
0.43125 1.13737
0.4325 1.13446
0.43375 1.13148
0.435 1.12832
0.43625 1.127
0.4375 1.12384
0.43875 1.12108
0.44 1.1186
0.44125 1.11709
0.4425 1.11417
0.44375 1.11242
0.445 1.10874
0.44625 1.10692
0.4475 1.10337
0.44875 1.10174
0.45 1.09999
0.45125 1.09579
0.4525 1.09484
0.45375 1.09018
0.455 1.08935
0.45625 1.08562
0.4575 1.08432
0.45875 1.08109
0.46 1.0792
0.46125 1.07712
0.4625 1.07401
0.46375 1.0721
0.465 1.0694
0.46625 1.06705
0.4675 1.06407
0.46875 1.0614
0.47 1.05913
0.47125 1.05655
0.4725 1.05388
0.47375 1.0517
0.475 1.04818
0.47625 1.04698
0.4775 1.04449
0.47875 1.04254
0.48 1.03893
0.48125 1.03643
0.4825 1.03422
0.48375 1.03187
0.485 1.02734
0.48625 1.02687
0.4875 1.02377
0.48875 1.02275
0.49 1.01798
0.49125 1.01649
0.4925 1.01425
0.49375 1.01227
0.495 1.00921
0.49625 1.00687
0.4975 1.00469
0.49875 1.00129
0.5 0.999513
0.50125 0.995739
0.5025 0.99456
0.50375 0.991156
0.505 0.989481
0.50625 0.986109
0.5075 0.984769
0.50875 0.981738
0.51 0.978728
0.51125 0.977454
0.5125 0.974629
0.51375 0.971129
0.515 0.969673
0.51625 0.967389
0.5175 0.963977
0.51875 0.961069
0.52 0.958537
0.52125 0.956358
0.5225 0.954652
0.52375 0.951535
0.525 0.949595
0.52625 0.946586
0.5275 0.943642
0.52875 0.941805
0.53 0.939882
0.53125 0.936112
0.5325 0.934718
0.53375 0.932125
0.535 0.928901
0.53625 0.926487
0.5375 0.923762
0.53875 0.921807
0.54 0.918683
0.54125 0.916581
0.5425 0.914957
0.54375 0.911768
0.545 0.908501
0.54625 0.906322
0.5475 0.904997
0.54875 0.902295
0.55 0.899488
0.55125 0.895973
0.5525 0.894593
0.55375 0.891835
0.555 0.888617
0.55625 0.88686
0.5575 0.884879
0.55875 0.881245
0.56 0.878957
0.56125 0.876852
0.5625 0.874483
0.56375 0.872051
0.565 0.868691
0.56625 0.867271
0.5675 0.864147
0.56875 0.861894
0.57 0.858852
0.57125 0.856362
0.5725 0.854384
0.57375 0.85118
0.575 0.849711
0.57625 0.846574
0.5775 0.843795
0.57875 0.841349
0.58 0.839066
0.58125 0.837767
0.5825 0.833724
0.58375 0.831306
0.585 0.829051
0.58625 0.826774
0.5875 0.823973
0.58875 0.821497
0.59 0.819723
0.59125 0.817405
0.5925 0.814095
0.59375 0.812348
0.595 0.808387
0.59625 0.807097
0.5975 0.804456
0.59875 0.801865
0.6 0.799436
0.60125 0.796293
0.6025 0.794833
0.60375 0.79214
0.605 0.789864
0.60625 0.786691
0.6075 0.784072
0.60875 0.781503
0.61 0.778979
0.61125 0.777456
0.6125 0.774255
0.61375 0.77221
0.615 0.769827
0.61625 0.76701
0.6175 0.764555
0.61875 0.761297
0.62 0.759111
0.62125 0.756919
0.6225 0.754223
0.62375 0.75244
0.625 0.749725
0.62625 0.746899
0.6275 0.744108
0.62875 0.741764
0.63 0.739424
0.63125 0.736518
0.6325 0.734406
0.63375 0.731963
0.635 0.729362
0.63625 0.726912
0.6375 0.72402
0.63875 0.721334
0.64 0.719394
0.64125 0.717054
0.6425 0.714553
0.64375 0.712098
0.645 0.709129
0.64625 0.706967
0.6475 0.705342
0.64875 0.701648
0.65 0.699875
0.65125 0.697334
0.6525 0.694291
0.65375 0.692054
0.655 0.688727
0.65625 0.68636
0.6575 0.684373
0.65875 0.681652
0.66 0.678293
0.66125 0.67776
0.6625 0.67447
0.66375 0.67187
0.665 0.669534
0.66625 0.667114
0.6675 0.664604
0.66875 0.661745
0.67 0.658759
0.67125 0.656594
0.6725 0.654246
0.67375 0.65175
0.675 0.649287
0.67625 0.646983
0.6775 0.644564
0.67875 0.641961
0.68 0.63943
0.68125 0.636985
0.6825 0.634488
0.68375 0.631627
0.685 0.629552
0.68625 0.626086
0.6875 0.624203
0.68875 0.621919
0.69 0.618694
0.69125 0.616419
0.6925 0.614047
0.69375 0.611671
0.695 0.609168
0.69625 0.606721
0.6975 0.604402
0.69875 0.601604
0.7 0.598763
0.70125 0.596845
0.7025 0.594112
0.70375 0.592627
0.705 0.589073
0.70625 0.586949
0.7075 0.584145
0.70875 0.581678
0.71 0.579272
0.71125 0.576624
0.7125 0.574364
0.71375 0.57229
0.715 0.569212
0.71625 0.566736
0.7175 0.563979
0.71875 0.562048
0.72 0.558937
0.72125 0.556832
0.7225 0.554843
0.72375 0.551334
0.725 0.549059
0.72625 0.546602
0.7275 0.54395
0.72875 0.541493
0.73 0.539846
0.73125 0.537137
0.7325 0.533961
0.73375 0.531911
0.735 0.529531
0.73625 0.526983
0.7375 0.523564
0.73875 0.521471
0.74 0.519224
0.74125 0.5166
0.7425 0.514462
0.74375 0.511841
0.745 0.509061
0.74625 0.506035
0.7475 0.503923
0.74875 0.502027
0.75 0.498818
0.75125 0.49663
0.7525 0.494071
0.75375 0.49094
0.755 0.489668
0.75625 0.485765
0.7575 0.48455
0.75875 0.482681
0.76 0.478713
0.76125 0.476451
0.7625 0.473746
0.76375 0.471653
0.765 0.468606
0.76625 0.467152
0.7675 0.463735
0.76875 0.461655
0.77 0.4592
0.77125 0.456446
0.7725 0.454036
0.77375 0.451337
0.775 0.448999
0.77625 0.44678
0.7775 0.444164
0.77875 0.441742
0.78 0.439374
0.78125 0.437194
0.7825 0.43388
0.78375 0.431409
0.785 0.428796
0.78625 0.426274
0.7875 0.424254
0.78875 0.420997
0.79 0.418548
0.79125 0.41666
0.7925 0.414019
0.79375 0.411389
0.795 0.409054
0.79625 0.407116
0.7975 0.403942
0.79875 0.401637
0.8 0.399505
0.80125 0.396563
0.8025 0.393855
0.80375 0.391114
0.805 0.38971
0.80625 0.386293
0.8075 0.383716
0.80875 0.381707
0.81 0.379053
0.81125 0.376235
0.8125 0.374523
0.81375 0.371414
0.815 0.369107
0.81625 0.366689
0.8175 0.363697
0.81875 0.361903
0.82 0.359273
0.82125 0.356305
0.8225 0.354699
0.82375 0.351749
0.825 0.348886
0.82625 0.346322
0.8275 0.343676
0.82875 0.341622
0.83 0.339453
0.83125 0.336002
0.8325 0.33431
0.83375 0.33168
0.835 0.328745
0.83625 0.326675
0.8375 0.323607
0.83875 0.32162
0.84 0.318815
0.84125 0.316625
0.8425 0.314323
0.84375 0.310845
0.845 0.308846
0.84625 0.306607
0.8475 0.304219
0.84875 0.301439
0.85 0.298858
0.85125 0.296651
0.8525 0.293396
0.85375 0.291257
0.855 0.288388
0.85625 0.286264
0.8575 0.284207
0.85875 0.28126
0.86 0.278837
0.86125 0.276142
0.8625 0.274101
0.86375 0.27165
0.865 0.268586
0.86625 0.266127
0.8675 0.263647
0.86875 0.261202
0.87 0.259047
0.87125 0.256384
0.8725 0.253566
0.87375 0.251478
0.875 0.248585
0.87625 0.246671
0.8775 0.243638
0.87875 0.241187
0.88 0.238264
0.88125 0.236304
0.8825 0.234037
0.88375 0.231147
0.885 0.229524
0.88625 0.22635
0.8875 0.223785
0.88875 0.221479
0.89 0.218917
0.89125 0.216433
0.8925 0.213872
0.89375 0.211079
0.895 0.20862
0.89625 0.206342
0.8975 0.204005
0.89875 0.201291
0.9 0.198794
0.90125 0.196243
0.9025 0.193639
0.90375 0.191769
0.905 0.188474
0.90625 0.186217
0.9075 0.183831
0.90875 0.181449
0.91 0.178526
0.91125 0.176308
0.9125 0.173514
0.91375 0.17159
0.915 0.168682
0.91625 0.166656
0.9175 0.163326
0.91875 0.161439
0.92 0.15909
0.92125 0.156603
0.9225 0.153685
0.92375 0.151226
0.925 0.148748
0.92625 0.146122
0.9275 0.143772
0.92875 0.141164
0.93 0.138891
0.93125 0.136163
0.9325 0.13376
0.93375 0.131234
0.935 0.129263
0.93625 0.126364
0.9375 0.124001
0.93875 0.12146
0.94 0.118744
0.94125 0.116223
0.9425 0.113533
0.94375 0.111006
0.945 0.108982
0.94625 0.106189
0.9475 0.103738
0.94875 0.101016
0.95 0.0989298
0.95125 0.0961841
0.9525 0.093977
0.95375 0.0909667
0.955 0.088745
0.95625 0.0865241
0.9575 0.0838359
0.95875 0.0812193
0.96 0.0785671
0.96125 0.0763803
0.9625 0.0739686
0.96375 0.0714827
0.965 0.068903
0.96625 0.066398
0.9675 0.0637748
0.96875 0.0611254
0.97 0.0585184
0.97125 0.0559748
0.9725 0.0534622
0.97375 0.0508622
0.975 0.0484786
0.97625 0.0457863
0.9775 0.0437256
0.97875 0.0412929
0.98 0.0388956
0.98125 0.0363491
0.9825 0.034325
0.98375 0.0320456
0.985 0.0289601
0.98625 0.0261257
0.9875 0.0236651
0.98875 0.0209572
0.99 0.0184229
0.99125 0.0158371
0.9925 0.0134755
0.99375 0.0109253
0.995 0.00851579
0.99625 0.00604182
0.9975 0.0036499
0.99875 0.00122942
