0 0
0.00176777 0
0.00353553 0
0.0053033 0
0.00707107 0
0.00883883 0
0.0106066 0
0.0123744 0
0.0141421 0.146921
0.0159099 0.2862
0.0176777 0.242125
0.0194454 0.213943
0.0212132 0.197009
0.022981 0.188918
0.0247487 0.18955
0.0265165 0.195812
0.0282843 0.215916
0.030052 0.250442
0.0318198 0.283394
0.0335876 0.301511
0.0353553 0.317452
0.0371231 0.327138
0.0388909 0.340557
0.0406586 0.352503
0.0424264 0.362638
0.0441942 0.377643
0.0459619 0.393705
0.0477297 0.405058
0.0494975 0.419696
0.0512652 0.435778
0.053033 0.446873
0.0548008 0.463114
0.0565685 0.477884
0.0583363 0.491075
0.0601041 0.502416
0.0618718 0.515689
0.0636396 0.525926
0.0654074 0.538436
0.0671751 0.55054
0.0689429 0.563467
0.0707107 0.579858
0.0724784 0.589252
0.0742462 0.609642
0.076014 0.617941
0.0777817 0.630565
0.0795495 0.639934
0.0813173 0.655356
0.083085 0.665608
0.0848528 0.681082
0.0866206 0.695641
0.0883883 0.703947
0.0901561 0.718643
0.0919239 0.730566
0.0936916 0.740677
0.0954594 0.754748
0.0972272 0.76375
0.0989949 0.780358
0.100763 0.789703
0.10253 0.80085
0.104298 0.812902
0.106066 0.826133
0.107834 0.838255
0.109602 0.847383
0.111369 0.857421
0.113137 0.871971
0.114905 0.884231
0.116673 0.892971
0.11844 0.89967
0.120208 0.915973
0.121976 0.928224
0.123744 0.937135
0.125511 0.951667
0.127279 0.958725
0.129047 0.971199
0.130815 0.980218
0.132583 0.992593
0.13435 1.00089
0.136118 1.01096
0.137886 1.02449
0.139654 1.03361
0.141421 1.04418
0.143189 1.05573
0.144957 1.06444
0.146725 1.07724
0.148492 1.08462
0.15026 1.09083
0.152028 1.10563
0.153796 1.11193
0.155563 1.12702
0.157331 1.13293
0.159099 1.14652
0.160867 1.15731
0.162635 1.16265
0.164402 1.17329
0.16617 1.1802
0.167938 1.18894
0.169706 1.20172
0.171473 1.20984
0.173241 1.22007
0.175009 1.23012
0.176777 1.24023
0.178544 1.2478
0.180312 1.25729
0.18208 1.26219
0.183848 1.27233
0.185616 1.28206
0.187383 1.29349
0.189151 1.30038
0.190919 1.30833
0.192687 1.31734
0.194454 1.32702
0.196222 1.33433
0.19799 1.34436
0.199758 1.34872
0.201525 1.35888
0.203293 1.36723
0.205061 1.37444
0.206829 1.38447
0.208596 1.39069
0.210364 1.39964
0.212132 1.4098
0.2139 1.4164
0.215668 1.42226
0.217435 1.43154
0.219203 1.4369
0.220971 1.44491
0.222739 1.45848
0.224506 1.46046
0.226274 1.46735
0.228042 1.47754
0.22981 1.47955
0.231577 1.49106
0.233345 1.49859
0.235113 1.50624
0.236881 1.5129
0.238649 1.51916
0.240416 1.5275
0.242184 1.53105
0.243952 1.53737
0.24572 1.54893
0.247487 1.55497
0.249255 1.55579
0.251023 1.57047
0.252791 1.57357
0.254558 1.57993
0.256326 1.5853
0.258094 1.59634
0.259862 1.59686
0.261629 1.60566
0.263397 1.60797
0.265165 1.61725
0.266933 1.62512
0.268701 1.63229
0.270468 1.63563
0.272236 1.6395
0.274004 1.65087
0.275772 1.65113
0.277539 1.65975
0.279307 1.66373
0.281075 1.6688
0.282843 1.67558
0.28461 1.68347
0.286378 1.68907
0.288146 1.69577
0.289914 1.70026
0.291682 1.699
0.293449 1.70728
0.295217 1.71124
0.296985 1.71648
0.298753 1.72624
0.30052 1.72926
0.302288 1.7377
0.304056 1.73966
0.305824 1.74566
0.307591 1.74914
0.309359 1.75356
0.311127 1.75814
0.312895 1.76127
0.314663 1.76505
0.31643 1.7743
0.318198 1.77835
0.319966 1.7801
0.321734 1.78572
0.323501 1.79159
0.325269 1.79715
0.327037 1.79604
0.328805 1.80086
0.330572 1.80622
0.33234 1.8128
0.334108 1.81434
0.335876 1.81816
0.337643 1.82258
0.339411 1.82723
0.341179 1.83048
0.342947 1.8311
0.344715 1.83621
0.346482 1.84406
0.34825 1.84469
0.350018 1.84904
0.351786 1.85101
0.353553 1.85828
0.355321 1.85816
0.357089 1.86156
0.358857 1.86476
0.360624 1.86689
0.362392 1.8722
0.36416 1.87532
0.365928 1.87952
0.367696 1.88473
0.369463 1.88296
0.371231 1.88292
0.372999 1.89293
0.374767 1.89343
0.376534 1.89392
0.378302 1.89958
0.38007 1.9037
0.381838 1.90645
0.383605 1.9056
0.385373 1.90422
0.387141 1.91034
0.388909 1.91578
0.390676 1.91972
0.392444 1.91657
0.394212 1.9215
0.39598 1.92297
0.397748 1.92893
0.399515 1.92405
0.401283 1.92808
0.403051 1.93207
0.404819 1.93182
0.406586 1.93333
0.408354 1.93626
0.410122 1.94242
0.41189 1.94302
0.413657 1.94459
0.415425 1.94339
0.417193 1.94664
0.418961 1.95034
0.420729 1.94924
0.422496 1.95132
0.424264 1.9504
0.426032 1.95033
0.4278 1.95172
0.429567 1.95628
0.431335 1.95947
0.433103 1.95904
0.434871 1.96243
0.436638 1.96185
0.438406 1.9637
0.440174 1.96366
0.441942 1.96152
0.443709 1.96623
0.445477 1.96846
0.447245 1.96716
0.449013 1.96369
0.450781 1.96366
0.452548 1.97243
0.454316 1.96967
0.456084 1.97001
0.457852 1.97136
0.459619 1.97266
0.461387 1.97328
0.463155 1.97109
0.464923 1.97068
0.46669 1.96892
0.468458 1.97689
0.470226 1.97032
0.471994 1.97278
0.473762 1.97319
0.475529 1.97113
0.477297 1.97387
0.479065 1.97289
0.480833 1.97231
0.4826 1.9737
0.484368 1.97264
0.486136 1.97007
0.487904 1.97458
0.489671 1.97375
0.491439 1.97253
0.493207 1.97284
0.494975 1.97281
0.496742 1.97116
0.49851 1.96432
0.500278 1.96711
0.502046 1.96734
0.503814 1.96815
0.505581 1.97052
0.507349 1.96859
0.509117 1.96673
0.510885 1.9673
0.512652 1.96484
0.51442 1.957
0.516188 1.96563
0.517956 1.95819
0.519723 1.96065
0.521491 1.95837
0.523259 1.959
0.525027 1.95896
0.526795 1.95566
0.528562 1.9551
0.53033 1.95162
0.532098 1.95165
0.533866 1.95095
0.535633 1.94923
0.537401 1.94678
0.539169 1.94657
0.540937 1.94312
0.542704 1.94253
0.544472 1.94338
0.54624 1.93975
0.548008 1.93725
0.549775 1.93771
0.551543 1.93383
0.553311 1.93282
0.555079 1.92458
0.556847 1.93088
0.558614 1.9242
0.560382 1.92573
0.56215 1.92179
0.563918 1.92088
0.565685 1.9145
0.567453 1.91869
0.569221 1.91579
0.570989 1.91156
0.572756 1.90884
0.574524 1.90812
0.576292 1.90391
0.57806 1.9003
0.579828 1.8972
0.581595 1.89524
0.583363 1.89431
0.585131 1.89119
0.586899 1.8955
0.588666 1.88699
0.590434 1.88324
0.592202 1.8765
0.59397 1.87965
0.595737 1.87468
0.597505 1.8715
0.599273 1.86511
0.601041 1.86942
0.602809 1.86622
0.604576 1.86221
0.606344 1.85931
0.608112 1.85133
0.60988 1.85146
0.611647 1.8479
0.613415 1.84446
0.615183 1.83802
0.616951 1.8401
0.618718 1.83797
0.620486 1.836
0.622254 1.83012
0.624022 1.82572
0.625789 1.81652
0.627557 1.81775
0.629325 1.81365
0.631093 1.8075
0.632861 1.81114
0.634628 1.80645
0.636396 1.80023
0.638164 1.79484
0.639932 1.79476
0.641699 1.78964
0.643467 1.78298
0.645235 1.78141
0.647003 1.77398
0.64877 1.77378
0.650538 1.76842
0.652306 1.76675
0.654074 1.76365
0.655842 1.75901
0.657609 1.75063
0.659377 1.749
0.661145 1.7424
0.662913 1.7408
0.66468 1.73926
0.666448 1.73005
0.668216 1.73034
0.669984 1.7232
0.671751 1.72029
0.673519 1.71315
0.675287 1.70935
0.677055 1.70499
0.678823 1.70445
0.68059 1.6989
0.682358 1.69032
0.684126 1.68377
0.685894 1.68245
0.687661 1.68137
0.689429 1.66887
0.691197 1.67131
0.692965 1.66418
0.694732 1.65835
0.6965 1.65409
0.698268 1.64598
0.700036 1.64753
0.701803 1.63764
0.703571 1.63291
0.705339 1.62986
0.707107 1.62112
0.708875 1.61961
0.710642 1.61173
0.71241 1.60872
0.714178 1.6025
0.715946 1.5969
0.717713 1.59261
0.719481 1.58935
0.721249 1.58157
0.723017 1.57734
0.724784 1.57326
0.726552 1.56267
0.72832 1.55958
0.730088 1.5567
0.731856 1.5506
0.733623 1.54163
0.735391 1.5382
0.737159 1.53451
0.738927 1.52367
0.740694 1.52082
0.742462 1.51654
0.74423 1.50989
0.745998 1.50633
0.747765 1.49713
0.749533 1.49236
0.751301 1.48352
0.753069 1.47799
0.754836 1.47189
0.756604 1.47636
0.758372 1.45932
0.76014 1.45751
0.761908 1.45131
0.763675 1.44457
0.765443 1.43663
0.767211 1.43044
0.768979 1.42612
0.770746 1.41987
0.772514 1.41114
0.774282 1.40601
0.77605 1.40448
0.777817 1.3976
0.779585 1.38493
0.781353 1.38066
0.783121 1.37516
0.784889 1.36821
0.786656 1.36071
0.788424 1.35549
0.790192 1.3487
0.79196 1.34388
0.793727 1.33848
0.795495 1.32937
0.797263 1.32385
0.799031 1.31933
0.800798 1.30686
0.802566 1.29946
0.804334 1.29606
0.806102 1.29086
0.807869 1.2841
0.809637 1.27568
0.811405 1.26459
0.813173 1.25881
0.814941 1.25566
0.816708 1.24975
0.818476 1.24052
0.820244 1.23472
0.822012 1.22834
0.823779 1.2194
0.825547 1.2092
0.827315 1.20777
0.829083 1.19741
0.83085 1.18962
0.832618 1.1869
0.834386 1.17573
0.836154 1.17062
0.837922 1.16316
0.839689 1.15475
0.841457 1.14512
0.843225 1.13786
0.844993 1.13229
0.84676 1.12748
0.848528 1.11792
0.850296 1.11121
0.852064 1.10062
0.853831 1.09527
0.855599 1.08495
0.857367 1.07974
0.859135 1.07462
0.860902 1.06627
0.86267 1.05792
0.864438 1.05149
0.866206 1.04184
0.867974 1.03447
0.869741 1.02452
0.871509 1.02214
0.873277 1.00907
0.875045 1.00375
0.876812 0.997078
0.87858 0.986295
0.880348 0.981809
0.882116 0.972036
0.883883 0.961705
0.885651 0.954858
0.887419 0.947859
0.889187 0.93958
0.890954 0.934677
0.892722 0.923263
0.89449 0.916038
0.896258 0.908234
0.898026 0.898308
0.899793 0.889721
0.901561 0.882278
0.903329 0.874035
0.905097 0.866378
0.906864 0.863052
0.908632 0.851963
0.9104 0.841153
0.912168 0.836374
0.913935 0.824196
0.915703 0.817666
0.917471 0.808104
0.919239 0.799831
0.921007 0.793496
0.922774 0.784359
0.924542 0.774539
0.92631 0.766465
0.928078 0.757021
0.929845 0.750518
0.931613 0.742829
0.933381 0.733334
0.935149 0.725135
0.936916 0.715191
0.938684 0.705068
0.940452 0.699514
0.94222 0.689658
0.943988 0.680809
0.945755 0.673722
0.947523 0.663787
0.949291 0.656501
0.951059 0.64545
0.952826 0.637564
0.954594 0.62763
0.956362 0.620789
0.95813 0.610669
0.959897 0.599716
0.961665 0.593647
0.963433 0.585028
0.965201 0.575926
0.966968 0.566872
0.968736 0.555707
0.970504 0.548658
0.972272 0.539143
0.97404 0.531871
0.975807 0.520574
0.977575 0.511831
0.979343 0.502428
0.981111 0.493444
0.982878 0.486715
0.984646 0.476052
0.986414 0.463645
0.988182 0.46002
0.989949 0.446867
0.991717 0.438682
0.993485 0.429871
0.995253 0.420239
0.997021 0.411164
0.998788 0.40014
1.00056 0.394536
1.00232 0.384974
1.00409 0.37798
1.00586 0.370421
1.00763 0.363648
1.00939 0.355833
1.01116 0.350113
1.01293 0.344348
1.0147 0.336961
1.01647 0.331389
1.01823 0.325452
1.02 0.319325
1.02177 0.313744
1.02354 0.307482
1.0253 0.302333
1.02707 0.299109
1.02884 0.290912
1.03061 0.287011
1.03238 0.281996
1.03414 0.276036
1.03591 0.271718
1.03768 0.268532
1.03945 0.262452
1.04121 0.258903
1.04298 0.252934
1.04475 0.24863
1.04652 0.244485
1.04829 0.240099
1.05005 0.236611
1.05182 0.231796
1.05359 0.228032
1.05536 0.224295
1.05712 0.220502
1.05889 0.215508
1.06066 0.212029
1.06243 0.208315
1.0642 0.204734
1.06596 0.199931
1.06773 0.19861
1.0695 0.194485
1.07127 0.189896
1.07303 0.186443
1.0748 0.184335
1.07657 0.180111
1.07834 0.177536
1.08011 0.172842
1.08187 0.170493
1.08364 0.167472
1.08541 0.165614
1.08718 0.161377
1.08894 0.158905
1.09071 0.155253
1.09248 0.153864
1.09425 0.149713
1.09602 0.146287
1.09778 0.145236
1.09955 0.141742
1.10132 0.138663
1.10309 0.136044
1.10485 0.134523
1.10662 0.130202
1.10839 0.129083
1.11016 0.126837
1.11193 0.123012
1.11369 0.122072
1.11546 0.119186
1.11723 0.116996
1.119 0.11389
1.12076 0.110728
1.12253 0.109489
1.1243 0.108837
1.12607 0.105411
1.12784 0.10367
1.1296 0.101686
1.13137 0.0992548
1.13314 0.0969678
1.13491 0.0947542
1.13667 0.0925406
1.13844 0.0914543
1.14021 0.0895695
1.14198 0.0881016
1.14375 0.0860436
1.14551 0.0839239
1.14728 0.0825323
1.14905 0.0801719
1.15082 0.078155
1.15258 0.0765168
1.15435 0.0752837
1.15612 0.0734723
1.15789 0.0717402
1.15966 0.0711677
1.16142 0.0690392
1.16319 0.0672806
1.16496 0.0651786
1.16673 0.0640512
1.16849 0.0626655
1.17026 0.0614823
1.17203 0.0593979
1.1738 0.058526
1.17557 0.0573868
1.17733 0.0561127
1.1791 0.054498
1.18087 0.0535145
1.18264 0.0515475
1.1844 0.0507607
1.18617 0.0491401
1.18794 0.048045
1.18971 0.0470909
1.19147 0.0465624
1.19324 0.0448185
1.19501 0.043333
1.19678 0.0422379
1.19855 0.0407759
1.20031 0.0403854
1.20208 0.0392346
1.20385 0.0383773
1.20562 0.0377549
1.20738 0.0368859
1.20915 0.0351068
1.21092 0.0341497
1.21269 0.0327757
1.21446 0.0325379
1.21622 0.0310582
1.21799 0.0305856
1.21976 0.0302303
1.22153 0.0290677
1.22329 0.0283367
1.22506 0.027591
1.22683 0.0265048
1.2286 0.0258178
1.23037 0.0248284
1.23213 0.0240915
1.2339 0.0234192
1.23567 0.0229495
1.23744 0.0221362
1.2392 0.0213553
1.24097 0.0204129
1.24274 0.0205039
1.24451 0.0195556
1.24628 0.0191035
1.24804 0.0183901
1.24981 0.0175182
1.25158 0.0169046
1.25335 0.0166051
1.25511 0.0157801
1.25688 0.015008
1.25865 0.0150198
1.26042 0.0146352
1.26219 0.0140627
1.26395 0.0135489
1.26572 0.0128678
1.26749 0.0122982
1.26926 0.0116817
1.27102 0.0115261
1.27279 0.0111709
1.27456 0.0106571
1.27633 0.0101404
1.2781 0.00963542
1.27986 0.00950331
1.28163 0.00927432
1.2834 0.0087488
1.28517 0.00834659
1.28693 0.00796493
1.2887 0.00767428
1.29047 0.00739831
1.29224 0.00686693
1.29401 0.00678472
1.29577 0.00642655
1.29754 0.00606838
1.29931 0.00595682
1.30108 0.0054724
1.30284 0.0052346
1.30461 0.00518469
1.30638 0.00489698
1.30815 0.00444486
1.30992 0.00438321
1.31168 0.00426284
1.31345 0.0036375
1.31522 0.00374319
1.31699 0.00364338
1.31875 0.00322942
1.32052 0.002974
1.32229 0.00305621
1.32406 0.00265693
1.32583 0.00269804
1.32759 0.00243087
1.32936 0.00228408
1.33113 0.00222243
1.3329 0.00219601
1.33466 0.00187013
1.33643 0.00161765
1.3382 0.00163526
1.33997 0.0014503
1.34174 0.00137104
1.3435 0.00138572
1.34527 0.001327
1.34704 0.00116259
1.34881 0.00105103
1.35057 0.000965891
1.35234 0.000860201
1.35411 0.000836714
1.35588 0.000678179
1.35765 0.000669371
1.35941 0.000590104
1.36118 0.000595975
1.36295 0.000466798
1.36472 0.000384595
1.36648 0.000381659
1.36825 0.000405146
1.37002 0.000346429
1.37179 0.000293584
1.37355 0.00017615
1.37532 0.000202573
1.37709 0.000170279
1.37886 0.00014092
1.38063 9.98185e-005
1.38239 0.000108626
1.38416 9.98185e-005
1.38593 5.87168e-005
1.3877 6.75243e-005
1.38946 4.40376e-005
1.39123 2.64226e-005
1.393 7.3396e-005
1.39477 1.17434e-005
1.39654 3.22942e-005
1.3983 2.34867e-005
1.40007 2.93584e-006
1.40184 0
1.40361 0
1.40537 0
1.40714 0
1.40891 0
1.41068 0
1.41245 0
