0 0
0.00176777 0
0.00353553 0
0.0053033 0
0.00707107 0
0.00883883 0
0.0106066 0
0.0123744 0
0.0141421 0
0.0159099 0
0.0176777 0
0.0194454 0
0.0212132 0
0.022981 0
0.0247487 0
0.0265165 0
0.0282843 0
0.030052 0
0.0318198 0
0.0335876 0
0.0353553 0
0.0371231 0
0.0388909 0.283802
0.0406586 0.718695
0.0424264 0.651398
0.0441942 0.640834
0.0459619 0.61681
0.0477297 0.61131
0.0494975 0.586997
0.0512652 0.56963
0.053033 0.565143
0.0548008 0.548645
0.0565685 0.54879
0.0583363 0.53012
0.0601041 0.52274
0.0618718 0.528384
0.0636396 0.522016
0.0654074 0.508701
0.0671751 0.512609
0.0689429 0.533883
0.0707107 0.52795
0.0724784 0.534317
0.0742462 0.536778
0.076014 0.563407
0.0777817 0.562104
0.0795495 0.585405
0.0813173 0.617823
0.083085 0.640689
0.0848528 0.676001
0.0866206 0.709722
0.0883883 0.686566
0.0901561 0.735627
0.0919239 0.741271
0.0936916 0.782517
0.0954594 0.761677
0.0972272 0.799161
0.0989949 0.7967
0.100763 0.797713
0.10253 0.803647
0.104298 0.820724
0.106066 0.831868
0.107834 0.849379
0.109602 0.842867
0.111369 0.866312
0.113137 0.87543
0.114905 0.870075
0.116673 0.899309
0.11844 0.910887
0.120208 0.892218
0.121976 0.915373
0.123744 0.945331
0.125511 0.957198
0.127279 0.951409
0.129047 0.970947
0.130815 0.991642
0.132583 0.993813
0.13435 1.02638
0.136118 1.0174
0.137886 1.01914
0.139654 1.0462
0.141421 1.06285
0.143189 1.06039
0.144957 1.07674
0.146725 1.05778
0.148492 1.075
0.15026 1.07384
0.152028 1.07674
0.153796 1.1148
0.155563 1.13825
0.157331 1.12334
0.159099 1.14809
0.160867 1.1423
0.162635 1.16155
0.164402 1.17284
0.16617 1.18094
0.167938 1.19208
0.169706 1.20294
0.171473 1.21394
0.173241 1.23984
0.175009 1.23738
0.176777 1.26459
0.178544 1.23608
0.180312 1.24114
0.18208 1.26575
0.183848 1.27096
0.185616 1.28775
0.187383 1.29064
0.189151 1.31539
0.190919 1.29078
0.192687 1.30685
0.194454 1.3439
0.196222 1.36865
0.19799 1.34795
0.199758 1.34014
0.201525 1.34766
0.203293 1.33782
0.205061 1.38746
0.206829 1.38037
0.208596 1.38485
0.210364 1.39267
0.212132 1.3931
0.2139 1.43117
0.215668 1.43319
0.217435 1.45143
0.219203 1.45476
0.220971 1.44491
0.222739 1.45997
0.224506 1.44969
0.226274 1.43478
0.228042 1.46127
0.22981 1.50324
0.231577 1.49658
0.233345 1.49427
0.235113 1.50845
0.236881 1.54883
0.238649 1.51728
0.240416 1.50917
0.242184 1.50758
0.243952 1.55505
0.24572 1.54058
0.247487 1.54883
0.249255 1.57097
0.251023 1.54651
0.252791 1.57314
0.254558 1.57545
0.256326 1.61308
0.258094 1.61467
0.259862 1.59745
0.261629 1.57864
0.263397 1.60527
0.265165 1.62625
0.266933 1.62871
0.268701 1.63045
0.270468 1.62553
0.272236 1.68646
0.274004 1.66113
0.275772 1.66489
0.277539 1.64999
0.279307 1.66851
0.281075 1.67618
0.282843 1.68559
0.28461 1.65418
0.286378 1.66591
0.288146 1.70614
0.289914 1.67835
0.291682 1.72148
0.293449 1.71714
0.295217 1.70918
0.296985 1.7018
0.298753 1.72235
0.30052 1.73422
0.302288 1.74189
0.304056 1.74869
0.305824 1.75477
0.307591 1.76765
0.309359 1.76721
0.311127 1.76475
0.312895 1.75173
0.314663 1.77734
0.31643 1.76707
0.318198 1.77315
0.319966 1.76388
0.321734 1.79196
0.323501 1.79355
0.325269 1.79037
0.327037 1.80296
0.328805 1.81425
0.330572 1.81844
0.33234 1.78805
0.334108 1.78907
0.335876 1.81381
0.337643 1.83842
0.339411 1.82018
0.341179 1.84102
0.342947 1.8306
0.344715 1.85709
0.346482 1.87315
0.34825 1.84001
0.350018 1.85969
0.351786 1.85795
0.353553 1.87532
0.355321 1.84696
0.357089 1.87662
0.358857 1.86287
0.360624 1.89385
0.362392 1.86143
0.36416 1.83654
0.365928 1.86316
0.367696 1.84536
0.369463 1.89688
0.371231 1.88704
0.372999 1.85564
0.374767 1.88878
0.376534 1.88357
0.378302 1.92974
0.38007 1.90875
0.381838 1.94913
0.383605 1.90803
0.385373 1.91715
0.387141 1.92482
0.388909 1.93075
0.390676 1.94855
0.392444 1.91309
0.394212 1.93046
0.39598 1.88675
0.397748 1.93364
0.399515 1.93046
0.401283 1.9416
0.403051 1.92033
0.404819 1.92858
0.406586 1.93871
0.408354 1.93885
0.410122 1.92742
0.41189 1.94016
0.413657 1.93654
0.415425 1.9704
0.417193 1.95087
0.418961 1.95564
0.420729 1.93784
0.422496 1.92062
0.424264 1.95998
0.426032 1.95941
0.4278 1.94812
0.429567 1.93683
0.431335 1.95912
0.433103 1.97793
0.434871 1.98821
0.436638 1.9526
0.438406 1.98097
0.440174 1.96129
0.441942 1.95434
0.443709 1.98184
0.445477 2.01729
0.447245 1.95087
0.449013 1.93799
0.450781 1.98806
0.452548 1.97576
0.454316 1.97272
0.456084 1.97011
0.457852 1.98444
0.459619 1.98864
0.461387 2.00774
0.463155 1.98734
0.464923 1.96244
0.46669 1.97547
0.468458 1.96042
0.470226 1.939
0.471994 1.97402
0.473762 1.94638
0.475529 1.97069
0.477297 1.97836
0.479065 1.97561
0.480833 1.95362
0.4826 1.98618
0.484368 1.98748
0.486136 1.97446
0.487904 1.98227
0.489671 1.98965
0.491439 1.98676
0.493207 1.98849
0.494975 1.94985
0.496742 1.96201
0.49851 1.9898
0.500278 1.99327
0.502046 1.96838
0.503814 1.96331
0.505581 1.98227
0.507349 1.9746
0.509117 1.95072
0.510885 1.95173
0.512652 1.95738
0.51442 1.98111
0.516188 1.95926
0.517956 1.95781
0.519723 1.9678
0.521491 1.97692
0.523259 1.95391
0.525027 1.95984
0.526795 1.95072
0.528562 1.95231
0.53033 1.9416
0.532098 1.96085
0.533866 1.93075
0.535633 1.9377
0.537401 1.9759
0.539169 1.95173
0.540937 1.97011
0.542704 1.97952
0.544472 1.96042
0.54624 1.91092
0.548008 1.92858
0.549775 1.91845
0.551543 1.90977
0.553311 1.94233
0.555079 1.92655
0.556847 1.94421
0.558614 1.94927
0.560382 1.9115
0.56215 1.94667
0.563918 1.9348
0.565685 1.93871
0.567453 1.93422
0.569221 1.92221
0.570989 1.92684
0.572756 1.90586
0.574524 1.88704
0.576292 1.90832
0.57806 1.88632
0.579828 1.88864
0.581595 1.87069
0.583363 1.93972
0.585131 1.85969
0.586899 1.91411
0.588666 1.8759
0.590434 1.86635
0.592202 1.90875
0.59397 1.89877
0.595737 1.87604
0.597505 1.86186
0.599273 1.89052
0.601041 1.86128
0.602809 1.86953
0.604576 1.839
0.606344 1.90238
0.608112 1.8513
0.60988 1.84392
0.611647 1.85651
0.613415 1.85274
0.615183 1.82279
0.616951 1.86186
0.618718 1.82771
0.620486 1.87662
0.622254 1.79818
0.624022 1.83364
0.625789 1.82409
0.627557 1.82612
0.629325 1.82858
0.631093 1.78009
0.632861 1.81873
0.634628 1.79341
0.636396 1.83176
0.638164 1.79934
0.639932 1.795
0.641699 1.76924
0.643467 1.81208
0.645235 1.8005
0.647003 1.80137
0.64877 1.77836
0.650538 1.7594
0.652306 1.78574
0.654074 1.75679
0.655842 1.75216
0.657609 1.74912
0.659377 1.73639
0.661145 1.73393
0.662913 1.74652
0.66468 1.74941
0.666448 1.72568
0.668216 1.75289
0.669984 1.73248
0.671751 1.68834
0.673519 1.70932
0.675287 1.70122
0.677055 1.70918
0.678823 1.70107
0.68059 1.69572
0.682358 1.70932
0.684126 1.69659
0.685894 1.70932
0.687661 1.69268
0.689429 1.65983
0.691197 1.65245
0.692965 1.67242
0.694732 1.67604
0.6965 1.67966
0.698268 1.67358
0.700036 1.64984
0.701803 1.62249
0.703571 1.65259
0.705339 1.60339
0.707107 1.62698
0.708875 1.61554
0.710642 1.61424
0.71241 1.60831
0.714178 1.60368
0.715946 1.61858
0.717713 1.60136
0.719481 1.59427
0.721249 1.57951
0.723017 1.55751
0.724784 1.56373
0.726552 1.55896
0.72832 1.5549
0.730088 1.56388
0.731856 1.55939
0.733623 1.53479
0.735391 1.53233
0.737159 1.55548
0.738927 1.54767
0.740694 1.53363
0.742462 1.53103
0.74423 1.52567
0.745998 1.49991
0.747765 1.48963
0.749533 1.49528
0.751301 1.48804
0.753069 1.48703
0.754836 1.49166
0.756604 1.45924
0.758372 1.44578
0.76014 1.46083
0.761908 1.44607
0.763675 1.46098
0.765443 1.42451
0.767211 1.4303
0.768979 1.42856
0.770746 1.45056
0.772514 1.40179
0.774282 1.41337
0.77605 1.41192
0.777817 1.4002
0.779585 1.38963
0.781353 1.3918
0.783121 1.40989
0.784889 1.36922
0.786656 1.34867
0.788424 1.35967
0.790192 1.33869
0.79196 1.34563
0.793727 1.35823
0.795495 1.33985
0.797263 1.31539
0.799031 1.3355
0.800798 1.32668
0.802566 1.30439
0.804334 1.27544
0.806102 1.28804
0.807869 1.29672
0.809637 1.25822
0.811405 1.27284
0.813173 1.26198
0.814941 1.25287
0.816708 1.26835
0.818476 1.23753
0.820244 1.24447
0.822012 1.23463
0.823779 1.22899
0.825547 1.22711
0.827315 1.20945
0.829083 1.22161
0.83085 1.19324
0.832618 1.18716
0.834386 1.1999
0.836154 1.18108
0.837922 1.15619
0.839689 1.16213
0.841457 1.1478
0.843225 1.16053
0.844993 1.11958
0.84676 1.12971
0.848528 1.1271
0.850296 1.10511
0.852064 1.1093
0.853831 1.08759
0.855599 1.08426
0.857367 1.09961
0.859135 1.07312
0.860902 1.05489
0.86267 1.07399
0.864438 1.06169
0.866206 1.07138
0.867974 1.04997
0.869741 1.04273
0.871509 1.02247
0.873277 1.01798
0.875045 1.01219
0.876812 1.01075
0.87858 0.991063
0.880348 0.977894
0.882116 0.976302
0.883883 0.97167
0.885651 0.941858
0.887419 0.95358
0.889187 0.959803
0.890954 0.943594
0.892722 0.918557
0.89449 0.917978
0.896258 0.90944
0.898026 0.915952
0.899793 0.910742
0.901561 0.899309
0.903329 0.882811
0.905097 0.884113
0.906864 0.861102
0.908632 0.847353
0.9104 0.841709
0.912168 0.857629
0.913935 0.845617
0.915703 0.805384
0.917471 0.825211
0.919239 0.792503
0.921007 0.80191
0.922774 0.776584
0.924542 0.783096
0.92631 0.768045
0.928078 0.757915
0.929845 0.754875
0.931613 0.742284
0.933381 0.75227
0.935149 0.731286
0.936916 0.724049
0.938684 0.69771
0.940452 0.69496
0.94222 0.695249
0.943988 0.693513
0.945755 0.690618
0.947523 0.652267
0.949291 0.674265
0.951059 0.645175
0.952826 0.662542
0.954594 0.652846
0.956362 0.644886
0.95813 0.633742
0.959897 0.602048
0.961665 0.588154
0.963433 0.571222
0.965201 0.567604
0.966968 0.551395
0.968736 0.554723
0.970504 0.547053
0.972272 0.527371
0.97404 0.537212
0.975807 0.532725
0.977575 0.517095
0.979343 0.511741
0.981111 0.497413
0.982878 0.475415
0.984646 0.465574
0.986414 0.466153
0.988182 0.459496
0.989949 0.442129
0.991717 0.457614
0.993485 0.432577
0.995253 0.422736
0.997021 0.412461
0.998788 0.404211
1.00056 0.387713
1.00232 0.387279
1.00409 0.386411
1.00586 0.37903
1.00763 0.359781
1.00939 0.353848
1.01116 0.353703
1.01293 0.342994
1.0147 0.348783
1.01647 0.324324
1.01823 0.331271
1.02 0.320272
1.02177 0.316365
1.02354 0.325482
1.0253 0.303195
1.02707 0.303918
1.02884 0.289157
1.03061 0.298419
1.03238 0.294946
1.03414 0.273671
1.03591 0.270922
1.03768 0.276276
1.03945 0.273671
1.04121 0.262093
1.04298 0.246608
1.04475 0.261804
1.04652 0.24574
1.04829 0.242556
1.05005 0.236912
1.05182 0.223163
1.05359 0.237491
1.05536 0.228952
1.05712 0.220558
1.05889 0.212598
1.06066 0.221571
1.06243 0.218677
1.0642 0.209993
1.06596 0.197547
1.06773 0.202612
1.0695 0.189732
1.07127 0.186259
1.07303 0.187851
1.0748 0.187416
1.07657 0.18018
1.07834 0.186693
1.08011 0.171352
1.08187 0.171207
1.08364 0.168023
1.08541 0.171063
1.08718 0.170773
1.08894 0.159051
1.09071 0.15934
1.09248 0.159774
1.09425 0.153262
1.09602 0.144578
1.09778 0.145591
1.09955 0.149788
1.10132 0.141829
1.10309 0.143855
1.10485 0.135171
1.10662 0.13604
1.10839 0.130974
1.11016 0.13329
1.11193 0.123883
1.11369 0.127501
1.11546 0.120988
1.11723 0.123883
1.119 0.113608
1.12076 0.105937
1.12253 0.108108
1.1243 0.102464
1.12607 0.106371
1.12784 0.105503
1.1296 0.100438
1.13137 0.100148
1.13314 0.0947936
1.13491 0.0962408
1.13667 0.096675
1.13844 0.0973986
1.14021 0.089873
1.14198 0.0926227
1.14375 0.0887152
1.14551 0.0891494
1.14728 0.0813343
1.14905 0.0862549
1.15082 0.0809002
1.15258 0.0767032
1.15435 0.0785846
1.15612 0.0765585
1.15789 0.0697565
1.15966 0.0742429
1.16142 0.068454
1.16319 0.0691776
1.16496 0.0713485
1.16673 0.0629545
1.16849 0.0607837
1.17026 0.0625204
1.17203 0.056442
1.1738 0.0583234
1.17557 0.0544159
1.17733 0.0542711
1.1791 0.0570209
1.18087 0.0503636
1.18264 0.0542711
1.1844 0.0476139
1.18617 0.0539817
1.18794 0.0497847
1.18971 0.0493506
1.19147 0.0515214
1.19324 0.0502189
1.19501 0.0494953
1.19678 0.0438511
1.19855 0.0386411
1.20031 0.0395094
1.20208 0.0377727
1.20385 0.041825
1.20562 0.0390752
1.20738 0.040233
1.20915 0.0327074
1.21092 0.0348783
1.21269 0.0351677
1.21446 0.0319838
1.21622 0.0354571
1.21799 0.0287999
1.21976 0.0292341
1.22153 0.0298129
1.22329 0.0295235
1.22506 0.0270632
1.22683 0.0257607
1.2286 0.0290893
1.23037 0.0269185
1.23213 0.0274974
1.2339 0.021419
1.23567 0.0234451
1.23744 0.024024
1.2392 0.0180904
1.24097 0.0237346
1.24274 0.0205507
1.24451 0.0221426
1.24628 0.0170773
1.24804 0.0173668
1.24981 0.0163537
1.25158 0.0176562
1.25335 0.0192482
1.25511 0.0160643
1.25688 0.0159195
1.25865 0.0130251
1.26042 0.0160643
1.26219 0.0121567
1.26395 0.0131698
1.26572 0.0140381
1.26749 0.0131698
1.26926 0.0123015
1.27102 0.0114331
1.27279 0.0105648
1.27456 0.0114331
1.27633 0.0105648
1.2781 0.00969644
1.27986 0.0105648
1.28163 0.00839394
1.2834 0.00767032
1.28517 0.00853866
1.28693 0.00709143
1.2887 0.00795977
1.29047 0.00680198
1.29224 0.00709143
1.29401 0.00810449
1.29577 0.00636781
1.29754 0.00521003
1.29931 0.00680198
1.30108 0.00593364
1.30284 0.00593364
1.30461 0.00506531
1.30638 0.00535475
1.30815 0.00506531
1.30992 0.0037628
1.31168 0.00405225
1.31345 0.00419697
1.31522 0.00419697
1.31699 0.00361808
1.31875 0.00318391
1.32052 0.00260501
1.32229 0.00361808
1.32406 0.00231557
1.32583 0.00260501
1.32759 0.00332863
1.32936 0.00303918
1.33113 0.0018814
1.3329 0.00115778
1.33466 0.00115778
1.33643 0.00217085
1.3382 0.00246029
1.33997 0.00115778
1.34174 0.00101306
1.3435 0.00159195
1.34527 0.00115778
1.34704 0.00130251
1.34881 0.000289446
1.35057 0.000868338
1.35234 0.00101306
1.35411 0.000289446
1.35588 0.000434169
1.35765 0.000868338
1.35941 0.000289446
1.36118 0.000289446
1.36295 0.000434169
1.36472 0.00101306
1.36648 0.000723615
1.36825 0.000289446
1.37002 0.000868338
1.37179 0.000578892
1.37355 0.000868338
1.37532 0
1.37709 0.000144723
1.37886 0.000289446
1.38063 0
1.38239 0
1.38416 0
1.38593 0
1.3877 0
1.38946 0
1.39123 0
1.393 0
1.39477 0
1.39654 0
1.3983 0
1.40007 0
1.40184 0
1.40361 0
1.40537 0
1.40714 0
1.40891 0
1.41068 0
1.41245 0
