0 1.94348
0.00125 1.94018
0.0025 1.93866
0.00375 1.93662
0.005 1.93564
0.00625 1.93544
0.0075 1.93506
0.00875 1.93719
0.01 1.93777
0.01125 1.94112
0.0125 1.94235
0.01375 1.94827
0.015 1.95405
0.01625 1.96301
0.0175 1.97453
0.01875 2.00441
0.02 2.0327
0.02125 1.99752
0.0225 1.97683
0.02375 1.96145
0.025 1.95037
0.02625 1.9433
0.0275 1.93538
0.02875 1.93233
0.03 1.92619
0.03125 1.92457
0.0325 1.92267
0.03375 1.92132
0.035 1.92103
0.03625 1.92203
0.0375 1.92311
0.03875 1.92302
0.04 1.9243
0.04125 1.92331
0.0425 1.92234
0.04375 1.91681
0.045 1.91369
0.04625 1.90934
0.0475 1.90703
0.04875 1.90254
0.05 1.90007
0.05125 1.89584
0.0525 1.8935
0.05375 1.89088
0.055 1.88774
0.05625 1.88527
0.0575 1.88388
0.05875 1.88126
0.06 1.88054
0.06125 1.87755
0.0625 1.87435
0.06375 1.87343
0.065 1.86903
0.06625 1.86713
0.0675 1.86554
0.06875 1.86301
0.07 1.85999
0.07125 1.85807
0.0725 1.85331
0.07375 1.85247
0.075 1.8488
0.07625 1.84836
0.0775 1.84447
0.07875 1.84263
0.08 1.83904
0.08125 1.83676
0.0825 1.83447
0.08375 1.83293
0.085 1.83028
0.08625 1.82774
0.0875 1.82436
0.08875 1.82264
0.09 1.81912
0.09125 1.81732
0.0925 1.81387
0.09375 1.81219
0.095 1.80975
0.09625 1.80568
0.0975 1.80565
0.09875 1.80128
0.1 1.80015
0.10125 1.79562
0.1025 1.79558
0.10375 1.79243
0.105 1.79036
0.10625 1.78718
0.1075 1.78579
0.10875 1.78095
0.11 1.7801
0.11125 1.77739
0.1125 1.77454
0.11375 1.77014
0.115 1.7709
0.11625 1.7656
0.1175 1.76491
0.11875 1.76257
0.12 1.75986
0.12125 1.75658
0.1225 1.75583
0.12375 1.75166
0.125 1.74932
0.12625 1.74798
0.1275 1.74549
0.12875 1.74188
0.13 1.73831
0.13125 1.73808
0.1325 1.73363
0.13375 1.73121
0.135 1.72949
0.13625 1.72756
0.1375 1.72462
0.13875 1.72215
0.14 1.71973
0.14125 1.71837
0.1425 1.71408
0.14375 1.71264
0.145 1.70983
0.14625 1.70664
0.1475 1.7032
0.14875 1.70216
0.15 1.6992
0.15125 1.69734
0.1525 1.69472
0.15375 1.69244
0.155 1.68869
0.15625 1.68775
0.1575 1.68427
0.15875 1.68293
0.16 1.68009
0.16125 1.67709
0.1625 1.67525
0.16375 1.6724
0.165 1.66916
0.16625 1.66568
0.1675 1.66501
0.16875 1.66134
0.17 1.65884
0.17125 1.6566
0.1725 1.65493
0.17375 1.65245
0.175 1.64991
0.17625 1.64796
0.1775 1.64521
0.17875 1.64162
0.18 1.63969
0.18125 1.63573
0.1825 1.6347
0.18375 1.63291
0.185 1.63016
0.18625 1.6266
0.1875 1.6243
0.18875 1.62156
0.19 1.62058
0.19125 1.61703
0.1925 1.61417
0.19375 1.61203
0.195 1.60993
0.19625 1.60714
0.1975 1.60559
0.19875 1.60146
0.2 1.59907
0.20125 1.59835
0.2025 1.59463
0.20375 1.59229
0.205 1.58922
0.20625 1.58708
0.2075 1.58354
0.20875 1.58216
0.21 1.57945
0.21125 1.57667
0.2125 1.57418
0.21375 1.5721
0.215 1.57018
0.21625 1.56733
0.2175 1.56333
0.21875 1.56359
0.22 1.55934
0.22125 1.55688
0.2225 1.55374
0.22375 1.55311
0.225 1.55073
0.22625 1.54734
0.2275 1.54433
0.22875 1.54201
0.23 1.53901
0.23125 1.53717
0.2325 1.53468
0.23375 1.53113
0.235 1.52954
0.23625 1.52691
0.2375 1.52419
0.23875 1.52111
0.24 1.52054
0.24125 1.51663
0.2425 1.51535
0.24375 1.5125
0.245 1.51017
0.24625 1.50666
0.2475 1.50503
0.24875 1.50114
0.25 1.49984
0.25125 1.49676
0.2525 1.4957
0.25375 1.49159
0.255 1.48963
0.25625 1.4883
0.2575 1.48517
0.25875 1.4804
0.26 1.47872
0.26125 1.47598
0.2625 1.47395
0.26375 1.47304
0.265 1.46934
0.26625 1.46683
0.2675 1.46407
0.26875 1.46285
0.27 1.45861
0.27125 1.45794
0.2725 1.4539
0.27375 1.45324
0.275 1.45023
0.27625 1.44705
0.2775 1.44521
0.27875 1.44173
0.28 1.43888
0.28125 1.43693
0.2825 1.43369
0.28375 1.432
0.285 1.42868
0.28625 1.42703
0.2875 1.42537
0.28875 1.42255
0.29 1.41873
0.29125 1.41581
0.2925 1.41461
0.29375 1.41147
0.295 1.41074
0.29625 1.4078
0.2975 1.40422
0.29875 1.40333
0.3 1.39965
0.30125 1.39669
0.3025 1.39403
0.30375 1.39199
0.305 1.38938
0.30625 1.38657
0.3075 1.38461
0.30875 1.38155
0.31 1.38057
0.31125 1.37623
0.3125 1.37476
0.31375 1.37166
0.315 1.37044
0.31625 1.36752
0.3175 1.36456
0.31875 1.36231
0.32 1.36018
0.32125 1.35761
0.3225 1.35451
0.32375 1.35172
0.325 1.34813
0.32625 1.34738
0.3275 1.34467
0.32875 1.34138
0.33 1.3394
0.33125 1.33688
0.3325 1.33488
0.33375 1.33135
0.335 1.32918
0.33625 1.32724
0.3375 1.32544
0.33875 1.32261
0.34 1.31972
0.34125 1.31709
0.3425 1.31549
0.34375 1.31201
0.345 1.30895
0.34625 1.30723
0.3475 1.30389
0.34875 1.30175
0.35 1.29909
0.35125 1.2982
0.3525 1.29382
0.35375 1.29228
0.355 1.28942
0.35625 1.28552
0.3575 1.28526
0.35875 1.28333
0.36 1.27925
0.36125 1.27774
0.3625 1.27519
0.36375 1.27152
0.365 1.26972
0.36625 1.26615
0.3675 1.26472
0.36875 1.26239
0.37 1.25989
0.37125 1.25689
0.3725 1.25394
0.37375 1.25185
0.375 1.24977
0.37625 1.24621
0.3775 1.24462
0.37875 1.24165
0.38 1.23965
0.38125 1.23675
0.3825 1.2347
0.38375 1.23274
0.385 1.22879
0.38625 1.22764
0.3875 1.22488
0.38875 1.22206
0.39 1.21917
0.39125 1.21726
0.3925 1.21486
0.39375 1.21244
0.395 1.20969
0.39625 1.20643
0.3975 1.20402
0.39875 1.20208
0.4 1.19886
0.40125 1.19762
0.4025 1.19417
0.40375 1.19193
0.405 1.18959
0.40625 1.18667
0.4075 1.18494
0.40875 1.18121
0.41 1.17959
0.41125 1.1776
0.4125 1.17476
0.41375 1.17145
0.415 1.16954
0.41625 1.1676
0.4175 1.1638
0.41875 1.16167
0.42 1.16021
0.42125 1.15709
0.4225 1.15559
0.42375 1.15232
0.425 1.1498
0.42625 1.14637
0.4275 1.14444
0.42875 1.14162
0.43 1.13894
0.43125 1.13686
0.4325 1.13492
0.43375 1.13224
0.435 1.12898
0.43625 1.12664
0.4375 1.12464
0.43875 1.1221
0.44 1.11932
0.44125 1.11766
0.4425 1.11451
0.44375 1.11191
0.445 1.1101
0.44625 1.10767
0.4475 1.1043
0.44875 1.1013
0.45 1.09874
0.45125 1.09585
0.4525 1.09422
0.45375 1.09268
0.455 1.0889
0.45625 1.08774
0.4575 1.08399
0.45875 1.08313
0.46 1.0794
0.46125 1.07749
0.4625 1.0747
0.46375 1.07287
0.465 1.06916
0.46625 1.06663
0.4675 1.06453
0.46875 1.06139
0.47 1.05848
0.47125 1.05653
0.4725 1.05476
0.47375 1.05143
0.475 1.04902
0.47625 1.04656
0.4775 1.04526
0.47875 1.04233
0.48 1.04067
0.48125 1.03752
0.4825 1.03427
0.48375 1.03238
0.485 1.02976
0.48625 1.02647
0.4875 1.024
0.48875 1.02154
0.49 1.01856
0.49125 1.01643
0.4925 1.01453
0.49375 1.01232
0.495 1.00906
0.49625 1.00646
0.4975 1.00507
0.49875 1.00169
0.5 0.998711
0.50125 0.996331
0.5025 0.994549
0.50375 0.992523
0.505 0.989362
0.50625 0.987673
0.5075 0.984306
0.50875 0.981549
0.51 0.979887
0.51125 0.976676
0.5125 0.973812
0.51375 0.971519
0.515 0.968903
0.51625 0.966628
0.5175 0.963859
0.51875 0.961021
0.52 0.958852
0.52125 0.957132
0.5225 0.954649
0.52375 0.951424
0.525 0.949952
0.52625 0.946848
0.5275 0.944445
0.52875 0.942059
0.53 0.938793
0.53125 0.936342
0.5325 0.934567
0.53375 0.931781
0.535 0.928917
0.53625 0.925898
0.5375 0.923425
0.53875 0.921525
0.54 0.919094
0.54125 0.916693
0.5425 0.9144
0.54375 0.912369
0.545 0.909074
0.54625 0.906756
0.5475 0.904186
0.54875 0.901696
0.55 0.898872
0.55125 0.89674
0.5525 0.894485
0.55375 0.891669
0.555 0.888764
0.55625 0.886091
0.5575 0.884458
0.55875 0.882063
0.56 0.87899
0.56125 0.87654
0.5625 0.874604
0.56375 0.871444
0.565 0.869026
0.56625 0.866933
0.5675 0.864301
0.56875 0.861557
0.57 0.859485
0.57125 0.856122
0.5725 0.854163
0.57375 0.851429
0.575 0.848829
0.57625 0.846026
0.5775 0.843682
0.57875 0.842399
0.58 0.838611
0.58125 0.836579
0.5825 0.834519
0.58375 0.831496
0.585 0.829049
0.58625 0.826797
0.5875 0.824595
0.58875 0.821606
0.59 0.819313
0.59125 0.817311
0.5925 0.813298
0.59375 0.811579
0.595 0.808952
0.59625 0.806021
0.5975 0.804164
0.59875 0.801305
0.6 0.798652
0.60125 0.7965
0.6025 0.794203
0.60375 0.791791
0.605 0.790052
0.60625 0.786164
0.6075 0.785029
0.60875 0.781781
0.61 0.779569
0.61125 0.776497
0.6125 0.773596
0.61375 0.770965
0.615 0.769322
0.61625 0.765788
0.6175 0.764504
0.61875 0.761971
0.62 0.7591
0.62125 0.756642
0.6225 0.754215
0.62375 0.751097
0.625 0.748683
0.62625 0.747094
0.6275 0.744044
0.62875 0.741416
0.63 0.739469
0.63125 0.736717
0.6325 0.734158
0.63375 0.732174
0.635 0.729354
0.63625 0.726006
0.6375 0.723944
0.63875 0.721629
0.64 0.719466
0.64125 0.716039
0.6425 0.71354
0.64375 0.711135
0.645 0.709063
0.64625 0.706375
0.6475 0.704693
0.64875 0.701722
0.65 0.699064
0.65125 0.696311
0.6525 0.693714
0.65375 0.691993
0.655 0.689308
0.65625 0.686997
0.6575 0.684308
0.65875 0.681058
0.66 0.678744
0.66125 0.676802
0.6625 0.673736
0.66375 0.671035
0.665 0.669058
0.66625 0.666942
0.6675 0.664574
0.66875 0.661366
0.67 0.658646
0.67125 0.656766
0.6725 0.654126
0.67375 0.651657
0.675 0.649155
0.67625 0.646496
0.6775 0.64465
0.67875 0.641588
0.68 0.638884
0.68125 0.636518
0.6825 0.633529
0.68375 0.631953
0.685 0.629235
0.68625 0.626558
0.6875 0.623921
0.68875 0.621593
0.69 0.61944
0.69125 0.615898
0.6925 0.614049
0.69375 0.610862
0.695 0.608915
0.69625 0.606337
0.6975 0.604551
0.69875 0.602455
0.7 0.598604
0.70125 0.597234
0.7025 0.593889
0.70375 0.591736
0.705 0.588983
0.70625 0.586662
0.7075 0.583919
0.70875 0.581656
0.71 0.578792
0.71125 0.576864
0.7125 0.573688
0.71375 0.571399
0.715 0.56886
0.71625 0.566385
0.7175 0.564586
0.71875 0.562188
0.72 0.559329
0.72125 0.556395
0.7225 0.554377
0.72375 0.551689
0.725 0.549024
0.72625 0.546678
0.7275 0.544425
0.72875 0.541606
0.73 0.538784
0.73125 0.537018
0.7325 0.533617
0.73375 0.531187
0.735 0.52969
0.73625 0.526233
0.7375 0.524009
0.73875 0.521744
0.74 0.519227
0.74125 0.516632
0.7425 0.514162
0.74375 0.511713
0.745 0.50928
0.74625 0.506332
0.7475 0.503634
0.74875 0.502217
0.75 0.49911
0.75125 0.496357
0.7525 0.493337
0.75375 0.491653
0.755 0.488758
0.75625 0.486927
0.7575 0.483952
0.75875 0.481421
0.76 0.479492
0.76125 0.47659
0.7625 0.474477
0.76375 0.472195
0.765 0.468374
0.76625 0.465948
0.7675 0.463996
0.76875 0.461445
0.77 0.459124
0.77125 0.456694
0.7725 0.453942
0.77375 0.451108
0.775 0.448829
0.77625 0.446598
0.7775 0.444932
0.77875 0.441626
0.78 0.439193
0.78125 0.436469
0.7825 0.434563
0.78375 0.431516
0.785 0.428809
0.78625 0.426169
0.7875 0.424016
0.78875 0.421258
0.79 0.419134
0.79125 0.416908
0.7925 0.41339
0.79375 0.41165
0.795 0.408776
0.79625 0.406019
0.7975 0.404195
0.79875 0.401979
0.8 0.39929
0.80125 0.396489
0.8025 0.393986
0.80375 0.392471
0.805 0.38844
0.80625 0.386329
0.8075 0.384431
0.80875 0.381158
0.81 0.379065
0.81125 0.376314
0.8125 0.373839
0.81375 0.371546
0.815 0.369024
0.81625 0.366597
0.8175 0.364175
0.81875 0.360994
0.82 0.358703
0.82125 0.356473
0.8225 0.354125
0.82375 0.351644
0.825 0.349409
0.82625 0.346891
0.8275 0.344453
0.82875 0.341562
0.83 0.339093
0.83125 0.336088
0.8325 0.334291
0.83375 0.331263
0.835 0.329094
0.83625 0.326707
0.8375 0.323928
0.83875 0.321499
0.84 0.31877
0.84125 0.316074
0.8425 0.314151
0.84375 0.311488
0.845 0.309082
0.84625 0.306515
0.8475 0.30426
0.84875 0.30181
0.85 0.299144
0.85125 0.296971
0.8525 0.294157
0.85375 0.291458
0.855 0.289048
0.85625 0.286742
0.8575 0.284068
0.85875 0.281645
0.86 0.278952
0.86125 0.27577
0.8625 0.273747
0.86375 0.27158
0.865 0.268833
0.86625 0.266559
0.8675 0.26423
0.86875 0.261378
0.87 0.259353
0.87125 0.256522
0.8725 0.253832
0.87375 0.251641
0.875 0.248984
0.87625 0.246983
0.8775 0.244241
0.87875 0.241326
0.88 0.238904
0.88125 0.236126
0.8825 0.234105
0.88375 0.231305
0.885 0.229139
0.88625 0.226388
0.8875 0.224162
0.88875 0.221471
0.89 0.219078
0.89125 0.216893
0.8925 0.213626
0.89375 0.21089
0.895 0.209024
0.89625 0.20679
0.8975 0.204019
0.89875 0.201491
0.9 0.199114
0.90125 0.196479
0.9025 0.194475
0.90375 0.191956
0.905 0.188988
0.90625 0.18635
0.9075 0.18388
0.90875 0.181298
0.91 0.178986
0.91125 0.176575
0.9125 0.173616
0.91375 0.171646
0.915 0.168833
0.91625 0.166117
0.9175 0.163965
0.91875 0.161528
0.92 0.15876
0.92125 0.156451
0.9225 0.154029
0.92375 0.151483
0.925 0.148848
0.92625 0.146159
0.9275 0.144089
0.92875 0.141293
0.93 0.139274
0.93125 0.13625
0.9325 0.133961
0.93375 0.131141
0.935 0.128735
0.93625 0.126579
0.9375 0.123753
0.93875 0.121223
0.94 0.118913
0.94125 0.116311
0.9425 0.113807
0.94375 0.111431
0.945 0.108703
0.94625 0.105976
0.9475 0.10391
0.94875 0.101649
0.95 0.0991075
0.95125 0.0966134
0.9525 0.0941495
0.95375 0.0912712
0.955 0.0891799
0.95625 0.0864782
0.9575 0.0842504
0.95875 0.0815001
0.96 0.0791033
0.96125 0.0762682
0.9625 0.0736394
0.96375 0.0707388
0.965 0.0684915
0.96625 0.0658416
0.9675 0.0637541
0.96875 0.0608963
0.97 0.0585511
0.97125 0.0561907
0.9725 0.0535503
0.97375 0.0514657
0.975 0.0493328
0.97625 0.0470346
0.9775 0.0448222
0.97875 0.0428638
0.98 0.0396962
0.98125 0.0364956
0.9825 0.0337462
0.98375 0.0309478
0.985 0.0284617
0.98625 0.0257648
0.9875 0.023209
0.98875 0.020836
0.99 0.0183808
0.99125 0.0159423
0.9925 0.013478
0.99375 0.0109785
0.995 0.00857455
0.99625 0.00618903
0.9975 0.00366196
0.99875 0.00123082
