0 1.87563
0.00125 1.88228
0.0025 1.86993
0.00375 1.87084
0.005 1.86966
0.00625 1.8672
0.0075 1.87065
0.00875 1.8784
0.01 1.86923
0.01125 1.85975
0.0125 1.86071
0.01375 1.8633
0.015 1.86993
0.01625 1.86233
0.0175 1.86022
0.01875 1.8716
0.02 1.86983
0.02125 1.87414
0.0225 1.86766
0.02375 1.87041
0.025 1.8743
0.02625 1.87714
0.0275 1.88537
0.02875 1.88701
0.03 1.88808
0.03125 1.90125
0.0325 1.90288
0.03375 1.91146
0.035 1.93372
0.03625 1.94787
0.0375 1.95184
0.03875 1.9819
0.04 2.02506
0.04125 2.00477
0.0425 1.99507
0.04375 1.97728
0.045 1.98761
0.04625 1.95132
0.0475 1.94813
0.04875 1.93863
0.05 1.93137
0.05125 1.91677
0.0525 1.90997
0.05375 1.91129
0.055 1.91027
0.05625 1.88378
0.0575 1.88675
0.05875 1.87492
0.06 1.87549
0.06125 1.86809
0.0625 1.86937
0.06375 1.86596
0.065 1.86502
0.06625 1.86059
0.0675 1.84661
0.06875 1.84959
0.07 1.84627
0.07125 1.84738
0.0725 1.84514
0.07375 1.84285
0.075 1.84216
0.07625 1.84821
0.0775 1.84131
0.07875 1.84261
0.08 1.84483
0.08125 1.8431
0.0825 1.83763
0.08375 1.83444
0.085 1.83537
0.08625 1.83071
0.0875 1.82738
0.08875 1.8362
0.09 1.82727
0.09125 1.82846
0.0925 1.82195
0.09375 1.81725
0.095 1.81511
0.09625 1.8141
0.0975 1.8061
0.09875 1.80571
0.1 1.80346
0.10125 1.80614
0.1025 1.80778
0.10375 1.79401
0.105 1.79732
0.10625 1.79065
0.1075 1.78901
0.10875 1.78573
0.11 1.78433
0.11125 1.77561
0.1125 1.77102
0.11375 1.77611
0.115 1.76782
0.11625 1.77423
0.1175 1.76596
0.11875 1.76807
0.12 1.76357
0.12125 1.7533
0.1225 1.76169
0.12375 1.76056
0.125 1.75216
0.12625 1.75145
0.1275 1.7478
0.12875 1.75021
0.13 1.74525
0.13125 1.74288
0.1325 1.73597
0.13375 1.73485
0.135 1.72514
0.13625 1.73389
0.1375 1.7238
0.13875 1.72138
0.14 1.72172
0.14125 1.71516
0.1425 1.7184
0.14375 1.72353
0.145 1.71712
0.14625 1.70774
0.1475 1.71177
0.14875 1.71032
0.15 1.6991
0.15125 1.69769
0.1525 1.69334
0.15375 1.69783
0.155 1.69498
0.15625 1.68571
0.1575 1.68434
0.15875 1.68553
0.16 1.6879
0.16125 1.67343
0.1625 1.67172
0.16375 1.67451
0.165 1.67255
0.16625 1.67709
0.1675 1.66638
0.16875 1.66686
0.17 1.67664
0.17125 1.65953
0.1725 1.65633
0.17375 1.66033
0.175 1.65193
0.17625 1.65419
0.1775 1.64754
0.17875 1.64358
0.18 1.64635
0.18125 1.62985
0.1825 1.63359
0.18375 1.63415
0.185 1.63331
0.18625 1.63184
0.1875 1.63093
0.18875 1.62571
0.19 1.62452
0.19125 1.61962
0.1925 1.61474
0.19375 1.61577
0.195 1.60503
0.19625 1.61074
0.1975 1.60609
0.19875 1.60187
0.2 1.60401
0.20125 1.60124
0.2025 1.5927
0.20375 1.59731
0.205 1.59092
0.20625 1.59914
0.2075 1.58972
0.20875 1.58817
0.21 1.58608
0.21125 1.57793
0.2125 1.5763
0.21375 1.56377
0.215 1.56768
0.21625 1.57471
0.2175 1.5688
0.21875 1.56433
0.22 1.56773
0.22125 1.55672
0.2225 1.55387
0.22375 1.55793
0.225 1.55439
0.22625 1.54928
0.2275 1.54688
0.22875 1.54369
0.23 1.53439
0.23125 1.54005
0.2325 1.53995
0.23375 1.53187
0.235 1.52696
0.23625 1.53219
0.2375 1.52792
0.23875 1.52929
0.24 1.52151
0.24125 1.52051
0.2425 1.52272
0.24375 1.51526
0.245 1.50964
0.24625 1.5174
0.2475 1.50233
0.24875 1.50265
0.25 1.50125
0.25125 1.49642
0.2525 1.49631
0.25375 1.49898
0.255 1.48674
0.25625 1.4918
0.2575 1.48375
0.25875 1.4876
0.26 1.4847
0.26125 1.48261
0.2625 1.47785
0.26375 1.4739
0.265 1.47489
0.26625 1.46857
0.2675 1.46683
0.26875 1.46791
0.27 1.45861
0.27125 1.4559
0.2725 1.45664
0.27375 1.45746
0.275 1.44444
0.27625 1.44595
0.2775 1.44505
0.27875 1.44233
0.28 1.44201
0.28125 1.43667
0.2825 1.44048
0.28375 1.43665
0.285 1.42903
0.28625 1.43083
0.2875 1.42997
0.28875 1.42404
0.29 1.43459
0.29125 1.4175
0.2925 1.42003
0.29375 1.41912
0.295 1.40711
0.29625 1.40729
0.2975 1.40949
0.29875 1.40091
0.3 1.40027
0.30125 1.40699
0.3025 1.40031
0.30375 1.39655
0.305 1.39036
0.30625 1.38856
0.3075 1.38516
0.30875 1.3835
0.31 1.37906
0.31125 1.37325
0.3125 1.38146
0.31375 1.37372
0.315 1.37143
0.31625 1.36772
0.3175 1.36389
0.31875 1.35918
0.32 1.36024
0.32125 1.35724
0.3225 1.35828
0.32375 1.3622
0.325 1.34728
0.32625 1.35095
0.3275 1.34178
0.32875 1.34536
0.33 1.33871
0.33125 1.33226
0.3325 1.3419
0.33375 1.33904
0.335 1.33642
0.33625 1.33063
0.3375 1.3279
0.33875 1.32153
0.34 1.31863
0.34125 1.32048
0.3425 1.31559
0.34375 1.31182
0.345 1.31767
0.34625 1.30554
0.3475 1.31077
0.34875 1.30514
0.35 1.30673
0.35125 1.29628
0.3525 1.29517
0.35375 1.28634
0.355 1.29167
0.35625 1.2947
0.3575 1.28112
0.35875 1.27868
0.36 1.2876
0.36125 1.27784
0.3625 1.27673
0.36375 1.26936
0.365 1.2722
0.36625 1.26744
0.3675 1.266
0.36875 1.26222
0.37 1.26161
0.37125 1.25573
0.3725 1.25639
0.37375 1.2624
0.375 1.2632
0.37625 1.24891
0.3775 1.25018
0.37875 1.23935
0.38 1.24246
0.38125 1.24172
0.3825 1.23805
0.38375 1.23543
0.385 1.23724
0.38625 1.22871
0.3875 1.22162
0.38875 1.22971
0.39 1.21425
0.39125 1.22492
0.3925 1.21994
0.39375 1.21638
0.395 1.20908
0.39625 1.2039
0.3975 1.20877
0.39875 1.20104
0.4 1.19942
0.40125 1.1947
0.4025 1.19492
0.40375 1.19233
0.405 1.19554
0.40625 1.18817
0.4075 1.18436
0.40875 1.19204
0.41 1.17734
0.41125 1.18002
0.4125 1.17191
0.41375 1.17665
0.415 1.16606
0.41625 1.1759
0.4175 1.16413
0.41875 1.16902
0.42 1.16484
0.42125 1.15909
0.4225 1.15856
0.42375 1.14954
0.425 1.15451
0.42625 1.14675
0.4275 1.14587
0.42875 1.15188
0.43 1.1413
0.43125 1.13904
0.4325 1.13208
0.43375 1.13342
0.435 1.13711
0.43625 1.12873
0.4375 1.12685
0.43875 1.12277
0.44 1.12252
0.44125 1.12266
0.4425 1.11706
0.44375 1.1088
0.445 1.11113
0.44625 1.10823
0.4475 1.10634
0.44875 1.10526
0.45 1.10276
0.45125 1.10383
0.4525 1.09749
0.45375 1.09265
0.455 1.08798
0.45625 1.08887
0.4575 1.08453
0.45875 1.08654
0.46 1.08025
0.46125 1.07517
0.4625 1.07033
0.46375 1.07298
0.465 1.07251
0.46625 1.07522
0.4675 1.06607
0.46875 1.06604
0.47 1.06896
0.47125 1.05627
0.4725 1.06023
0.47375 1.05541
0.475 1.05115
0.47625 1.04904
0.4775 1.04476
0.47875 1.04458
0.48 1.04018
0.48125 1.03557
0.4825 1.03104
0.48375 1.03515
0.485 1.02887
0.48625 1.02484
0.4875 1.03011
0.48875 1.02431
0.49 1.02103
0.49125 1.0206
0.4925 1.01841
0.49375 1.01463
0.495 1.01115
0.49625 1.00756
0.4975 1.00693
0.49875 1.01395
0.5 0.997196
0.50125 0.997891
0.5025 0.992477
0.50375 0.993723
0.505 0.993778
0.50625 0.990624
0.5075 0.987294
0.50875 0.98564
0.51 0.977392
0.51125 0.983501
0.5125 0.979101
0.51375 0.969011
0.515 0.974282
0.51625 0.969353
0.5175 0.964579
0.51875 0.965549
0.52 0.960245
0.52125 0.959628
0.5225 0.950045
0.52375 0.955305
0.525 0.95128
0.52625 0.945017
0.5275 0.945789
0.52875 0.946616
0.53 0.940209
0.53125 0.932612
0.5325 0.929899
0.53375 0.937309
0.535 0.931608
0.53625 0.924485
0.5375 0.930087
0.53875 0.929667
0.54 0.924209
0.54125 0.920559
0.5425 0.91745
0.54375 0.913943
0.545 0.913204
0.54625 0.905386
0.5475 0.905717
0.54875 0.906467
0.55 0.90059
0.55125 0.900413
0.5525 0.895286
0.55375 0.89812
0.555 0.892264
0.55625 0.887876
0.5575 0.884093
0.55875 0.88266
0.56 0.880432
0.56125 0.877102
0.5625 0.877973
0.56375 0.866957
0.565 0.871743
0.56625 0.867343
0.5675 0.867079
0.56875 0.863241
0.57 0.863561
0.57125 0.859062
0.5725 0.852248
0.57375 0.852678
0.575 0.854916
0.57625 0.849292
0.5775 0.848013
0.57875 0.848035
0.58 0.842456
0.58125 0.841882
0.5825 0.8338
0.58375 0.836909
0.585 0.824868
0.58625 0.830326
0.5875 0.826334
0.58875 0.821196
0.59 0.818748
0.59125 0.81609
0.5925 0.81619
0.59375 0.816256
0.595 0.809353
0.59625 0.815671
0.5975 0.804655
0.59875 0.808327
0.6 0.802218
0.60125 0.795944
0.6025 0.795194
0.60375 0.792283
0.605 0.791963
0.60625 0.787476
0.6075 0.790243
0.60875 0.785336
0.61 0.781135
0.61125 0.778025
0.6125 0.775081
0.61375 0.768708
0.615 0.770417
0.61625 0.769733
0.6175 0.762963
0.61875 0.763922
0.62 0.762654
0.62125 0.762974
0.6225 0.749411
0.62375 0.753094
0.625 0.750183
0.62625 0.746477
0.6275 0.74769
0.62875 0.742243
0.63 0.736399
0.63125 0.740865
0.6325 0.735825
0.63375 0.735043
0.635 0.732936
0.63625 0.727974
0.6375 0.722196
0.63875 0.724446
0.64 0.721193
0.64125 0.719219
0.6425 0.71848
0.64375 0.718216
0.645 0.714433
0.64625 0.708655
0.6475 0.711655
0.64875 0.704564
0.65 0.704355
0.65125 0.698003
0.6525 0.693085
0.65375 0.692115
0.655 0.689865
0.65625 0.688641
0.6575 0.687649
0.65875 0.680349
0.66 0.680459
0.66125 0.676644
0.6625 0.677482
0.66375 0.666786
0.665 0.669543
0.66625 0.664195
0.6675 0.665926
0.66875 0.665198
0.67 0.661129
0.67125 0.664889
0.6725 0.657755
0.67375 0.649242
0.675 0.64643
0.67625 0.656807
0.6775 0.649849
0.67875 0.643244
0.68 0.642615
0.68125 0.637896
0.6825 0.636539
0.68375 0.629085
0.685 0.6344
0.68625 0.632316
0.6875 0.624785
0.68875 0.619095
0.69 0.618146
0.69125 0.618069
0.6925 0.616514
0.69375 0.617099
0.695 0.617154
0.69625 0.60852
0.6975 0.609733
0.69875 0.606689
0.7 0.602422
0.70125 0.596192
0.7025 0.594505
0.70375 0.593424
0.705 0.59349
0.70625 0.583985
0.7075 0.586973
0.70875 0.580489
0.71 0.576751
0.71125 0.576718
0.7125 0.574061
0.71375 0.5733
0.715 0.568966
0.71625 0.567886
0.7175 0.566651
0.71875 0.564699
0.72 0.560895
0.72125 0.558491
0.7225 0.556881
0.72375 0.558822
0.725 0.555591
0.72625 0.549151
0.7275 0.544233
0.72875 0.542546
0.73 0.53926
0.73125 0.535522
0.7325 0.532423
0.73375 0.536922
0.735 0.527979
0.73625 0.521705
0.7375 0.523216
0.73875 0.521749
0.74 0.520691
0.74125 0.51736
0.7425 0.511946
0.74375 0.516974
0.745 0.509664
0.74625 0.505396
0.7475 0.508671
0.74875 0.502154
0.75 0.500379
0.75125 0.503654
0.7525 0.500721
0.75375 0.498152
0.755 0.495296
0.75625 0.485658
0.7575 0.486595
0.75875 0.486121
0.76 0.475745
0.76125 0.477564
0.7625 0.476627
0.76375 0.474686
0.765 0.474003
0.76625 0.470551
0.7675 0.463295
0.76875 0.460329
0.77 0.464486
0.77125 0.457187
0.7725 0.451067
0.77375 0.450339
0.775 0.452699
0.77625 0.443579
0.7775 0.448111
0.77875 0.442256
0.78 0.442267
0.78125 0.43714
0.7825 0.433986
0.78375 0.433501
0.785 0.430038
0.78625 0.429211
0.7875 0.422882
0.78875 0.424271
0.79 0.421989
0.79125 0.414457
0.7925 0.417865
0.79375 0.412958
0.795 0.409407
0.79625 0.405956
0.7975 0.407047
0.79875 0.400663
0.8 0.4002
0.80125 0.397476
0.8025 0.397741
0.80375 0.394885
0.805 0.391058
0.80625 0.387331
0.8075 0.38753
0.80875 0.38506
0.81 0.380075
0.81125 0.377396
0.8125 0.378201
0.81375 0.371805
0.815 0.363645
0.81625 0.364064
0.8175 0.367847
0.81875 0.365619
0.82 0.363623
0.82125 0.362785
0.8225 0.3521
0.82375 0.351869
0.825 0.35199
0.82625 0.34931
0.8275 0.344039
0.82875 0.340566
0.83 0.341095
0.83125 0.338328
0.8325 0.333277
0.83375 0.331998
0.835 0.331954
0.83625 0.32794
0.8375 0.324775
0.83875 0.323397
0.84 0.320221
0.84125 0.320409
0.8425 0.313715
0.84375 0.310463
0.845 0.310937
0.84625 0.308698
0.8475 0.304299
0.84875 0.301487
0.85 0.300428
0.85125 0.297274
0.8525 0.293481
0.85375 0.291375
0.855 0.290085
0.85625 0.287758
0.8575 0.284053
0.85875 0.28048
0.86 0.280117
0.86125 0.274691
0.8625 0.273975
0.86375 0.271912
0.865 0.26823
0.86625 0.268571
0.8675 0.266487
0.86875 0.262396
0.87 0.259276
0.87125 0.260279
0.8725 0.255196
0.87375 0.256045
0.875 0.251766
0.87625 0.248469
0.8775 0.243209
0.87875 0.242008
0.88 0.24203
0.88125 0.240993
0.8825 0.23216
0.88375 0.23194
0.885 0.231543
0.88625 0.227728
0.8875 0.223504
0.88875 0.221608
0.89 0.222358
0.89125 0.21669
0.8925 0.214385
0.89375 0.212169
0.895 0.20595
0.89625 0.204715
0.8975 0.204825
0.89875 0.201384
0.9 0.197536
0.90125 0.19575
0.9025 0.195783
0.90375 0.19135
0.905 0.190291
0.90625 0.189972
0.9075 0.188891
0.90875 0.181095
0.91 0.177787
0.91125 0.178217
0.9125 0.175758
0.91375 0.172659
0.915 0.171182
0.91625 0.166286
0.9175 0.161952
0.91875 0.162239
0.92 0.159835
0.92125 0.155876
0.9225 0.152315
0.92375 0.152348
0.925 0.147672
0.92625 0.146338
0.9275 0.14346
0.92875 0.139799
0.93 0.138586
0.93125 0.135289
0.9325 0.132896
0.93375 0.131606
0.935 0.127647
0.93625 0.125872
0.9375 0.124825
0.93875 0.12016
0.94 0.119035
0.94125 0.113963
0.9425 0.113357
0.94375 0.111647
0.945 0.11049
0.94625 0.106608
0.9475 0.103851
0.94875 0.105053
0.95 0.100279
0.95125 0.099187
0.9525 0.0961326
0.95375 0.0941257
0.955 0.0919644
0.95625 0.0898252
0.9575 0.086881
0.95875 0.0856239
0.96 0.0813455
0.96125 0.0783682
0.9625 0.0733289
0.96375 0.0701863
0.965 0.0687417
0.96625 0.0661173
0.9675 0.062699
0.96875 0.0601518
0.97 0.0565239
0.97125 0.0542634
0.9725 0.0522345
0.97375 0.0494005
0.975 0.0469967
0.97625 0.0451331
0.9775 0.0412186
0.97875 0.0377341
0.98 0.0373592
0.98125 0.0335218
0.9825 0.0314818
0.98375 0.0293316
0.985 0.0263543
0.98625 0.024579
0.9875 0.0219105
0.98875 0.0199036
0.99 0.0181723
0.99125 0.0146437
0.9925 0.0123722
0.99375 0.0112474
0.995 0.00842456
0.99625 0.00564578
0.9975 0.0034845
0.99875 0.0011468
