0 0
0.00176777 0
0.00353553 0
0.0053033 0
0.00707107 0
0.00883883 0
0.0106066 0
0.0123744 0
0.0141421 0
0.0159099 0
0.0176777 0
0.0194454 0.412449
0.0212132 0.417885
0.022981 0.325605
0.0247487 0.281254
0.0265165 0.255123
0.0282843 0.241218
0.030052 0.234065
0.0318198 0.233204
0.0335876 0.237548
0.0353553 0.25028
0.0371231 0.271728
0.0388909 0.311899
0.0406586 0.365603
0.0424264 0.391495
0.0441942 0.405625
0.0459619 0.415723
0.0477297 0.42299
0.0494975 0.429447
0.0512652 0.436665
0.053033 0.44475
0.0548008 0.453802
0.0565685 0.465032
0.0583363 0.478449
0.0601041 0.494784
0.0618718 0.511148
0.0636396 0.525638
0.0654074 0.541712
0.0671751 0.555672
0.0689429 0.569318
0.0707107 0.580667
0.0724784 0.594036
0.0742462 0.605951
0.076014 0.618466
0.0777817 0.631573
0.0795495 0.643429
0.0813173 0.655177
0.083085 0.667327
0.0848528 0.680328
0.0866206 0.693695
0.0883883 0.705289
0.0901561 0.717171
0.0919239 0.728619
0.0936916 0.742305
0.0954594 0.753965
0.0972272 0.767071
0.0989949 0.778156
0.100763 0.788868
0.10253 0.801064
0.104298 0.813202
0.106066 0.825799
0.107834 0.837491
0.109602 0.847072
0.111369 0.859269
0.113137 0.870288
0.114905 0.882221
0.116673 0.893567
0.11844 0.903385
0.120208 0.915942
0.121976 0.926807
0.123744 0.936835
0.125511 0.948781
0.127279 0.959394
0.129047 0.970218
0.130815 0.981232
0.132583 0.992612
0.13435 1.00242
0.136118 1.01313
0.137886 1.02395
0.139654 1.03212
0.141421 1.04375
0.143189 1.05459
0.144957 1.0654
0.146725 1.07396
0.148492 1.08421
0.15026 1.09524
0.152028 1.10446
0.153796 1.11579
0.155563 1.12465
0.157331 1.13474
0.159099 1.14435
0.160867 1.1535
0.162635 1.16348
0.164402 1.17306
0.16617 1.18237
0.167938 1.19186
0.169706 1.20186
0.171473 1.21
0.173241 1.22061
0.175009 1.22909
0.176777 1.23821
0.178544 1.24584
0.180312 1.25631
0.18208 1.26427
0.183848 1.27378
0.185616 1.28247
0.187383 1.29195
0.189151 1.30013
0.190919 1.30941
0.192687 1.31726
0.194454 1.32623
0.196222 1.33553
0.19799 1.3415
0.199758 1.35056
0.201525 1.35856
0.203293 1.36691
0.205061 1.37574
0.206829 1.38446
0.208596 1.39037
0.210364 1.39894
0.212132 1.40885
0.2139 1.41624
0.215668 1.42314
0.217435 1.43027
0.219203 1.4387
0.220971 1.44658
0.222739 1.45332
0.224506 1.46025
0.226274 1.46943
0.228042 1.47558
0.22981 1.48195
0.231577 1.49036
0.233345 1.4979
0.235113 1.5064
0.236881 1.51079
0.238649 1.51927
0.240416 1.52652
0.242184 1.53278
0.243952 1.5402
0.24572 1.54698
0.247487 1.55223
0.249255 1.5589
0.251023 1.56681
0.252791 1.57255
0.254558 1.5793
0.256326 1.58747
0.258094 1.59087
0.259862 1.59899
0.261629 1.60515
0.263397 1.61127
0.265165 1.61679
0.266933 1.62395
0.268701 1.62983
0.270468 1.63627
0.272236 1.64074
0.274004 1.64583
0.275772 1.65168
0.277539 1.65957
0.279307 1.6652
0.281075 1.67168
0.282843 1.67508
0.28461 1.68091
0.286378 1.68714
0.288146 1.6948
0.289914 1.69747
0.291682 1.70176
0.293449 1.70844
0.295217 1.71202
0.296985 1.71777
0.298753 1.72306
0.30052 1.72876
0.302288 1.73357
0.304056 1.74126
0.305824 1.7437
0.307591 1.74883
0.309359 1.75426
0.311127 1.75712
0.312895 1.76164
0.314663 1.7663
0.31643 1.7729
0.318198 1.77582
0.319966 1.77981
0.321734 1.78484
0.323501 1.7888
0.325269 1.79385
0.327037 1.79813
0.328805 1.80438
0.330572 1.80566
0.33234 1.80982
0.334108 1.81456
0.335876 1.81734
0.337643 1.82255
0.339411 1.82686
0.341179 1.83002
0.342947 1.83258
0.344715 1.83693
0.346482 1.84102
0.34825 1.84436
0.350018 1.84861
0.351786 1.85148
0.353553 1.85516
0.355321 1.86023
0.357089 1.8613
0.358857 1.86599
0.360624 1.86764
0.362392 1.87249
0.36416 1.87424
0.365928 1.87644
0.367696 1.88008
0.369463 1.8831
0.371231 1.88648
0.372999 1.89028
0.374767 1.89313
0.376534 1.89513
0.378302 1.89876
0.38007 1.90093
0.381838 1.90392
0.383605 1.90561
0.385373 1.90753
0.387141 1.90964
0.388909 1.91344
0.390676 1.91566
0.392444 1.9179
0.394212 1.9187
0.39598 1.92347
0.397748 1.92467
0.399515 1.92644
0.401283 1.92985
0.403051 1.93211
0.404819 1.93223
0.406586 1.93314
0.408354 1.93669
0.410122 1.93882
0.41189 1.93875
0.413657 1.94127
0.415425 1.94282
0.417193 1.94643
0.418961 1.94669
0.420729 1.94839
0.422496 1.95016
0.424264 1.95132
0.426032 1.95386
0.4278 1.95273
0.429567 1.95418
0.431335 1.95681
0.433103 1.95638
0.434871 1.95918
0.436638 1.96013
0.438406 1.96251
0.440174 1.96045
0.441942 1.96246
0.443709 1.96393
0.445477 1.9658
0.447245 1.96519
0.449013 1.96719
0.450781 1.96733
0.452548 1.96795
0.454316 1.96703
0.456084 1.96764
0.457852 1.9698
0.459619 1.97058
0.461387 1.97055
0.463155 1.97037
0.464923 1.97049
0.46669 1.97231
0.468458 1.97297
0.470226 1.97148
0.471994 1.97288
0.473762 1.97254
0.475529 1.97119
0.477297 1.97214
0.479065 1.97239
0.480833 1.97326
0.4826 1.97214
0.484368 1.97175
0.486136 1.97104
0.487904 1.97113
0.489671 1.97108
0.491439 1.97203
0.493207 1.97111
0.494975 1.9701
0.496742 1.96958
0.49851 1.96954
0.500278 1.96923
0.502046 1.96899
0.503814 1.96679
0.505581 1.9661
0.507349 1.9653
0.509117 1.96435
0.510885 1.96457
0.512652 1.9636
0.51442 1.96404
0.516188 1.96029
0.517956 1.96192
0.519723 1.95875
0.521491 1.96071
0.523259 1.9571
0.525027 1.95579
0.526795 1.95494
0.528562 1.95501
0.53033 1.95254
0.532098 1.95037
0.533866 1.95009
0.535633 1.95005
0.537401 1.94553
0.539169 1.94451
0.540937 1.94403
0.542704 1.94335
0.544472 1.94127
0.54624 1.93982
0.548008 1.93723
0.549775 1.93609
0.551543 1.9334
0.553311 1.93111
0.555079 1.93047
0.556847 1.92961
0.558614 1.92385
0.560382 1.92424
0.56215 1.9233
0.563918 1.92076
0.565685 1.91716
0.567453 1.91633
0.569221 1.91393
0.570989 1.91105
0.572756 1.90865
0.574524 1.90676
0.576292 1.90524
0.57806 1.90139
0.579828 1.90123
0.581595 1.89703
0.583363 1.89592
0.585131 1.89281
0.586899 1.88867
0.588666 1.88654
0.590434 1.88373
0.592202 1.88032
0.59397 1.87835
0.595737 1.87618
0.597505 1.87228
0.599273 1.87088
0.601041 1.86846
0.602809 1.86605
0.604576 1.86312
0.606344 1.85787
0.608112 1.85491
0.60988 1.85166
0.611647 1.84822
0.613415 1.84412
0.615183 1.84147
0.616951 1.84055
0.618718 1.83629
0.620486 1.83459
0.622254 1.82942
0.624022 1.82671
0.625789 1.82175
0.627557 1.81867
0.629325 1.81559
0.631093 1.8132
0.632861 1.80638
0.634628 1.80358
0.636396 1.80089
0.638164 1.79761
0.639932 1.79436
0.641699 1.78941
0.643467 1.78672
0.645235 1.78246
0.647003 1.77533
0.64877 1.77653
0.650538 1.77063
0.652306 1.76677
0.654074 1.76067
0.655842 1.75766
0.657609 1.7528
0.659377 1.75104
0.661145 1.74566
0.662913 1.74188
0.66468 1.7367
0.666448 1.73237
0.668216 1.72902
0.669984 1.72624
0.671751 1.71956
0.673519 1.7135
0.675287 1.71122
0.677055 1.70735
0.678823 1.69971
0.68059 1.69821
0.682358 1.69316
0.684126 1.68764
0.685894 1.68447
0.687661 1.67795
0.689429 1.67524
0.691197 1.66849
0.692965 1.66392
0.694732 1.66063
0.6965 1.65405
0.698268 1.65037
0.700036 1.64523
0.701803 1.63934
0.703571 1.6351
0.705339 1.62891
0.707107 1.62483
0.708875 1.61851
0.710642 1.61518
0.71241 1.60823
0.714178 1.6048
0.715946 1.59837
0.717713 1.59531
0.719481 1.5878
0.721249 1.58464
0.723017 1.57777
0.724784 1.57167
0.726552 1.56561
0.72832 1.56021
0.730088 1.55501
0.731856 1.54989
0.733623 1.54368
0.735391 1.5395
0.737159 1.53442
0.738927 1.52853
0.740694 1.52104
0.742462 1.51813
0.74423 1.51087
0.745998 1.50486
0.747765 1.50039
0.749533 1.4911
0.751301 1.4861
0.753069 1.48137
0.754836 1.47508
0.756604 1.46912
0.758372 1.46299
0.76014 1.45819
0.761908 1.45068
0.763675 1.44432
0.765443 1.44092
0.767211 1.43357
0.768979 1.42652
0.770746 1.42082
0.772514 1.41579
0.774282 1.40789
0.77605 1.40157
0.777817 1.39355
0.779585 1.38809
0.781353 1.38397
0.783121 1.37545
0.784889 1.36996
0.786656 1.36355
0.788424 1.35654
0.790192 1.3504
0.79196 1.34489
0.793727 1.33801
0.795495 1.33008
0.797263 1.32334
0.799031 1.31634
0.800798 1.31007
0.802566 1.30299
0.804334 1.29773
0.806102 1.29092
0.807869 1.28323
0.809637 1.27701
0.811405 1.26993
0.813173 1.26219
0.814941 1.25564
0.816708 1.24915
0.818476 1.24201
0.820244 1.23336
0.822012 1.22817
0.823779 1.22079
0.825547 1.21283
0.827315 1.20684
0.829083 1.1992
0.83085 1.19265
0.832618 1.18619
0.834386 1.17804
0.836154 1.17076
0.837922 1.16228
0.839689 1.15653
0.841457 1.14784
0.843225 1.14177
0.844993 1.13307
0.84676 1.12504
0.848528 1.11944
0.850296 1.11082
0.852064 1.10468
0.853831 1.09748
0.855599 1.08857
0.857367 1.08119
0.859135 1.07451
0.860902 1.06604
0.86267 1.05934
0.864438 1.05051
0.866206 1.0425
0.867974 1.03429
0.869741 1.02903
0.871509 1.02007
0.873277 1.01217
0.875045 1.00444
0.876812 0.995847
0.87858 0.988559
0.880348 0.979475
0.882116 0.973379
0.883883 0.966695
0.885651 0.95695
0.887419 0.949079
0.889187 0.940405
0.890954 0.932948
0.892722 0.924795
0.89449 0.916019
0.896258 0.908907
0.898026 0.899445
0.899793 0.891952
0.901561 0.884757
0.903329 0.876553
0.905097 0.868582
0.906864 0.860063
0.908632 0.8518
0.9104 0.843309
0.912168 0.834851
0.913935 0.826304
0.915703 0.817937
0.917471 0.809844
0.919239 0.801129
0.921007 0.791862
0.922774 0.784307
0.924542 0.775821
0.92631 0.769044
0.928078 0.758949
0.929845 0.751161
0.931613 0.742326
0.933381 0.733463
0.935149 0.724607
0.936916 0.716678
0.938684 0.707676
0.940452 0.697903
0.94222 0.690053
0.943988 0.680827
0.945755 0.673434
0.947523 0.664526
0.949291 0.655695
0.951059 0.647106
0.952826 0.63786
0.954594 0.629639
0.956362 0.620546
0.95813 0.612933
0.959897 0.602514
0.961665 0.593295
0.963433 0.583627
0.965201 0.57467
0.966968 0.566272
0.968736 0.556746
0.970504 0.548103
0.972272 0.53966
0.97404 0.531286
0.975807 0.52303
0.977575 0.515907
0.979343 0.506768
0.981111 0.494428
0.982878 0.484668
0.984646 0.475122
0.986414 0.465743
0.988182 0.457025
0.989949 0.447439
0.991717 0.439467
0.993485 0.429983
0.995253 0.420466
0.997021 0.411345
0.998788 0.401954
1.00056 0.393966
1.00232 0.386212
1.00409 0.377931
1.00586 0.370415
1.00763 0.363918
1.00939 0.356947
1.01116 0.350337
1.01293 0.344184
1.0147 0.337687
1.01647 0.331517
1.01823 0.325702
1.02 0.320452
1.02177 0.313836
1.02354 0.308543
1.0253 0.302533
1.02707 0.298192
1.02884 0.291644
1.03061 0.287518
1.03238 0.282208
1.03414 0.277479
1.03591 0.273084
1.03768 0.267565
1.03945 0.262531
1.04121 0.258495
1.04298 0.254106
1.04475 0.249633
1.04652 0.244749
1.04829 0.240751
1.05005 0.236354
1.05182 0.232101
1.05359 0.228383
1.05536 0.22425
1.05712 0.220238
1.05889 0.216562
1.06066 0.21276
1.06243 0.20905
1.0642 0.205494
1.06596 0.201436
1.06773 0.198045
1.0695 0.19382
1.07127 0.190939
1.07303 0.187554
1.0748 0.184285
1.07657 0.180686
1.07834 0.177697
1.08011 0.174241
1.08187 0.171398
1.08364 0.168021
1.08541 0.164982
1.08718 0.161905
1.08894 0.158603
1.09071 0.155789
1.09248 0.153568
1.09425 0.150349
1.09602 0.14726
1.09778 0.144595
1.09955 0.142502
1.10132 0.139234
1.10309 0.137003
1.10485 0.133881
1.10662 0.131031
1.10839 0.129235
1.11016 0.126286
1.11193 0.12442
1.11369 0.1217
1.11546 0.119214
1.11723 0.116908
1.119 0.114529
1.12076 0.112713
1.12253 0.11057
1.1243 0.108071
1.12607 0.105803
1.12784 0.103528
1.1296 0.101295
1.13137 0.0995252
1.13314 0.0977565
1.13491 0.0954573
1.13667 0.0939071
1.13844 0.0916835
1.14021 0.0899276
1.14198 0.087843
1.14375 0.0859899
1.14551 0.0842483
1.14728 0.0825653
1.14905 0.0803594
1.15082 0.0787036
1.15258 0.0767651
1.15435 0.0757228
1.15612 0.0742487
1.15789 0.0725453
1.15966 0.070829
1.16142 0.0689501
1.16319 0.0674715
1.16496 0.0658356
1.16673 0.0646734
1.16849 0.0631201
1.17026 0.061678
1.17203 0.0603611
1.1738 0.0587075
1.17557 0.0574372
1.17733 0.0559742
1.1791 0.0547306
1.18087 0.0535599
1.18264 0.0520378
1.1844 0.0508862
1.18617 0.0497399
1.18794 0.0485079
1.18971 0.0473581
1.19147 0.0461314
1.19324 0.0451695
1.19501 0.0438229
1.19678 0.0426953
1.19855 0.0416841
1.20031 0.0403485
1.20208 0.0394431
1.20385 0.0384008
1.20562 0.0373887
1.20738 0.0366698
1.20915 0.035385
1.21092 0.0346079
1.21269 0.0338304
1.21446 0.0327374
1.21622 0.0317111
1.21799 0.030978
1.21976 0.029942
1.22153 0.0290774
1.22329 0.0282092
1.22506 0.0275983
1.22683 0.0265458
1.2286 0.0260202
1.23037 0.025308
1.23213 0.0246971
1.2339 0.0237215
1.23567 0.0229569
1.23744 0.0223891
1.2392 0.0216053
1.24097 0.0208509
1.24274 0.0202245
1.24451 0.0194443
1.24628 0.018968
1.24804 0.0182812
1.24981 0.0177085
1.25158 0.0172677
1.25335 0.016604
1.25511 0.0160526
1.25688 0.0155452
1.25865 0.0149725
1.26042 0.0145318
1.26219 0.014044
1.26395 0.0135557
1.26572 0.0127831
1.26749 0.0124294
1.26926 0.0120935
1.27102 0.0115164
1.27279 0.0110135
1.27456 0.0107278
1.27633 0.0102524
1.2781 0.00999384
1.27986 0.00954288
1.28163 0.00911326
1.2834 0.00872006
1.28517 0.00845704
1.28693 0.00799809
1.2887 0.00776395
1.29047 0.00734232
1.29224 0.00706953
1.29401 0.00675186
1.29577 0.0064333
1.29754 0.00614096
1.29931 0.00587572
1.30108 0.00556827
1.30284 0.00524305
1.30461 0.00513465
1.30638 0.00478188
1.30815 0.00464726
1.30992 0.00432471
1.31168 0.00412034
1.31345 0.00389597
1.31522 0.00369249
1.31699 0.00352943
1.31875 0.00330507
1.32052 0.00311313
1.32229 0.00300473
1.32406 0.00268617
1.32583 0.00262575
1.32759 0.00250934
1.32936 0.0023103
1.33113 0.00218324
1.3329 0.00204817
1.33466 0.00191711
1.33643 0.00175805
1.3382 0.00164031
1.33997 0.00151725
1.34174 0.0013693
1.3435 0.00128977
1.34527 0.00120269
1.34704 0.00116759
1.34881 0.00105074
1.35057 0.000979213
1.35234 0.000884579
1.35411 0.000830376
1.35588 0.000742851
1.35765 0.000664656
1.35941 0.000588683
1.36118 0.000535368
1.36295 0.000493161
1.36472 0.000425629
1.36648 0.000401637
1.36825 0.000374091
1.37002 0.000319888
1.37179 0.000302561
1.37355 0.000242137
1.37532 0.0002217
1.37709 0.000157723
1.37886 0.000143061
1.38063 0.000115959
1.38239 0.000100854
1.38416 8.04163e-005
1.38593 7.06419e-005
1.3877 7.3752e-005
1.38946 7.59734e-005
1.39123 6.13119e-005
1.393 7.24191e-005
1.39477 2.26587e-005
1.39654 1.3773e-005
1.3983 2.22144e-006
1.40007 0
1.40184 0
1.40361 0
1.40537 0
1.40714 0
1.40891 0
1.41068 0
1.41245 0
