0.670938
0.120406
0.145525
0.168038
0.187873
0.205743
0.221943
0.237267
0.251559
0.265166
0.278109
0.290475
0.30231
0.313696
0.324701
0.33535
0.345671
0.355692
0.365439
0.374932
0.384191
0.393232
0.402066
0.410714
0.419183
0.427484
0.435628
0.443622
0.451457
0.459174
0.466764
0.474233
0.481586
0.488828
0.495965
0.503
0.509938
0.516784
0.523539
0.530209
0.536795
0.543302
0.549732
0.556088
0.562371
0.568586
0.574733
0.580815
0.586834
0.592791
0.59869
0.604531
0.610316
0.615982
0.621659
0.627285
0.632861
0.638389
0.643869
0.649302
0.654691
0.660035
0.665337
0.670596
