0 1.88212
0.00125 1.86837
0.0025 1.88574
0.00375 1.87257
0.005 1.88154
0.00625 1.86331
0.0075 1.88039
0.00875 1.86447
0.01 1.84985
0.01125 1.85188
0.0125 1.85868
0.01375 1.84319
0.015 1.86997
0.01625 1.85897
0.0175 1.85984
0.01875 1.89008
0.02 1.90571
0.02125 1.85318
0.0225 1.87518
0.02375 1.86085
0.025 1.85057
0.02625 1.87894
0.0275 1.8662
0.02875 1.89573
0.03 1.87576
0.03125 1.85911
0.0325 1.9157
0.03375 1.96447
0.035 1.91005
0.03625 1.90238
0.0375 1.97069
0.03875 1.98343
0.04 1.99805
0.04125 2.01773
0.0425 1.9869
0.04375 2.00702
0.045 1.9526
0.04625 1.97532
0.0475 1.92597
0.04875 1.94421
0.05 1.92843
0.05125 1.91772
0.0525 1.89167
0.05375 1.89833
0.055 1.90904
0.05625 1.89153
0.0575 1.88777
0.05875 1.88574
0.06 1.89963
0.06125 1.86287
0.0625 1.90427
0.06375 1.84435
0.065 1.85564
0.06625 1.87474
0.0675 1.86866
0.06875 1.86505
0.07 1.84507
0.07125 1.83929
0.0725 1.82597
0.07375 1.82496
0.075 1.85086
0.07625 1.84218
0.0775 1.81251
0.07875 1.84696
0.08 1.85072
0.08125 1.87301
0.0825 1.82279
0.08375 1.84406
0.085 1.83234
0.08625 1.83089
0.0875 1.8196
0.08875 1.84218
0.09 1.82843
0.09125 1.82973
0.0925 1.81787
0.09375 1.82076
0.095 1.77705
0.09625 1.81931
0.0975 1.82148
0.09875 1.8157
0.1 1.80962
0.10125 1.79225
0.1025 1.8018
0.10375 1.80759
0.105 1.79587
0.10625 1.78892
0.1075 1.77517
0.10875 1.78661
0.11 1.7759
0.11125 1.77821
0.1125 1.77648
0.11375 1.76186
0.115 1.76967
0.11625 1.73132
0.1175 1.77763
0.11875 1.76837
0.12 1.74507
0.12125 1.78226
0.1225 1.75708
0.12375 1.73769
0.125 1.76707
0.12625 1.74001
0.1275 1.75506
0.12875 1.78169
0.13 1.71236
0.13125 1.72785
0.1325 1.74782
0.13375 1.74058
0.135 1.71815
0.13625 1.75781
0.1375 1.70788
0.13875 1.75621
0.14 1.72307
0.14125 1.70831
0.1425 1.73436
0.14375 1.70788
0.145 1.70426
0.14625 1.70831
0.1475 1.73986
0.14875 1.69326
0.15 1.70296
0.15125 1.68631
0.1525 1.66895
0.15375 1.69543
0.155 1.67691
0.15625 1.70744
0.1575 1.67199
0.15875 1.66649
0.16 1.69268
0.16125 1.69992
0.1625 1.65838
0.16375 1.65057
0.165 1.65172
0.16625 1.6552
0.1675 1.65809
0.16875 1.66663
0.17 1.68241
0.17125 1.65418
0.1725 1.64536
0.17375 1.65418
0.175 1.66808
0.17625 1.64362
0.1775 1.67618
0.17875 1.64116
0.18 1.63363
0.18125 1.62379
0.1825 1.67184
0.18375 1.63609
0.185 1.62698
0.18625 1.64709
0.1875 1.6277
0.18875 1.62452
0.19 1.63074
0.19125 1.59369
0.1925 1.59514
0.19375 1.61352
0.195 1.62524
0.19625 1.61569
0.1975 1.61164
0.19875 1.61569
0.2 1.57878
0.20125 1.61221
0.2025 1.58356
0.20375 1.62235
0.205 1.59962
0.20625 1.57082
0.2075 1.5756
0.20875 1.58631
0.21 1.57097
0.21125 1.55013
0.2125 1.57299
0.21375 1.57444
0.215 1.57198
0.21625 1.58443
0.2175 1.56214
0.21875 1.56677
0.22 1.57372
0.22125 1.55635
0.2225 1.55331
0.22375 1.52842
0.225 1.55505
0.22625 1.52885
0.2275 1.53609
0.22875 1.55708
0.23 1.54318
0.23125 1.53739
0.2325 1.5536
0.23375 1.52856
0.235 1.51337
0.23625 1.54926
0.2375 1.51337
0.23875 1.52147
0.24 1.53522
0.24125 1.52567
0.2425 1.53131
0.24375 1.50787
0.245 1.53768
0.24625 1.50469
0.2475 1.5083
0.24875 1.48877
0.25 1.4989
0.25125 1.49745
0.2525 1.51322
0.25375 1.47777
0.255 1.49803
0.25625 1.48717
0.2575 1.46677
0.25875 1.48775
0.26 1.49644
0.26125 1.46069
0.2625 1.47994
0.26375 1.48631
0.265 1.4659
0.26625 1.49687
0.2675 1.45461
0.26875 1.47024
0.27 1.47444
0.27125 1.43768
0.2725 1.44477
0.27375 1.43956
0.275 1.43073
0.27625 1.42205
0.2775 1.43696
0.27875 1.46329
0.28 1.42494
0.28125 1.4151
0.2825 1.44578
0.28375 1.44868
0.285 1.47096
0.28625 1.42972
0.2875 1.41886
0.28875 1.4358
0.29 1.41583
0.29125 1.41886
0.2925 1.41481
0.29375 1.40439
0.295 1.40483
0.29625 1.42379
0.2975 1.42711
0.29875 1.40714
0.3 1.41423
0.30125 1.40989
0.3025 1.40251
0.30375 1.40295
0.305 1.40396
0.30625 1.38355
0.3075 1.37154
0.30875 1.41597
0.31 1.34549
0.31125 1.37501
0.3125 1.3876
0.31375 1.34115
0.315 1.36807
0.31625 1.36546
0.3175 1.34752
0.31875 1.35345
0.32 1.34158
0.32125 1.35388
0.3225 1.36083
0.32375 1.34694
0.325 1.33652
0.32625 1.35808
0.3275 1.37675
0.32875 1.34477
0.33 1.34057
0.33125 1.34129
0.3325 1.3494
0.33375 1.31582
0.335 1.33246
0.33625 1.32349
0.3375 1.32624
0.33875 1.34983
0.34 1.35663
0.34125 1.3452
0.3425 1.30468
0.34375 1.28398
0.345 1.29788
0.34625 1.3083
0.3475 1.30699
0.34875 1.33087
0.35 1.31322
0.35125 1.28543
0.3525 1.29556
0.35375 1.28963
0.355 1.28977
0.35625 1.2808
0.3575 1.28152
0.35875 1.29339
0.36 1.2834
0.36125 1.27313
0.3625 1.27038
0.36375 1.25547
0.365 1.28384
0.36625 1.25185
0.3675 1.26792
0.36875 1.26792
0.37 1.2766
0.37125 1.2685
0.3725 1.25185
0.37375 1.25431
0.375 1.2562
0.37625 1.22392
0.3775 1.22363
0.37875 1.25547
0.38 1.25909
0.38125 1.22899
0.3825 1.23478
0.38375 1.22928
0.385 1.24621
0.38625 1.22233
0.3875 1.22479
0.38875 1.23058
0.39 1.22841
0.39125 1.24216
0.3925 1.21263
0.39375 1.1957
0.395 1.19816
0.39625 1.18166
0.3975 1.20656
0.39875 1.21365
0.4 1.21784
0.40125 1.20337
0.4025 1.1957
0.40375 1.20033
0.405 1.20511
0.40625 1.20207
0.4075 1.19353
0.40875 1.16097
0.41 1.17949
0.41125 1.20236
0.4125 1.17327
0.41375 1.16791
0.415 1.16922
0.41625 1.16806
0.4175 1.13477
0.41875 1.17124
0.42 1.1643
0.42125 1.14968
0.4225 1.17443
0.42375 1.15417
0.425 1.14143
0.42625 1.14476
0.4275 1.15344
0.42875 1.1601
0.43 1.16763
0.43125 1.15692
0.4325 1.11712
0.43375 1.1161
0.435 1.13029
0.43625 1.11987
0.4375 1.12348
0.43875 1.13333
0.44 1.09816
0.44125 1.11046
0.4425 1.11639
0.44375 1.11712
0.445 1.13087
0.44625 1.10901
0.4475 1.10134
0.44875 1.09237
0.45 1.10467
0.45125 1.07182
0.4525 1.11726
0.45375 1.10047
0.455 1.08948
0.45625 1.09324
0.4575 1.10091
0.45875 1.09483
0.46 1.07891
0.46125 1.09324
0.4625 1.0818
0.46375 1.0928
0.465 1.07761
0.46625 1.06545
0.4675 1.06487
0.46875 1.06154
0.47 1.05778
0.47125 1.07602
0.4725 1.04837
0.47375 1.05127
0.475 1.06502
0.47625 1.05315
0.4775 1.03318
0.47875 1.03043
0.48 1.03781
0.48125 1.0242
0.4825 1.03405
0.48375 1.02102
0.485 1.03549
0.48625 1.03853
0.4875 1.03419
0.48875 1.01711
0.49 1.0313
0.49125 1.01538
0.4925 1.00655
0.49375 1.01277
0.495 1.0174
0.49625 1.01928
0.4975 1.00119
0.49875 1.01726
0.5 0.997576
0.50125 1.00279
0.5025 0.999457
0.50375 1.01393
0.505 0.987156
0.50625 1.01132
0.5075 0.980933
0.50875 0.963277
0.51 0.988024
0.51125 0.98759
0.5125 0.968631
0.51375 0.960527
0.515 0.978183
0.51625 0.965882
0.5175 0.982525
0.51875 0.955317
0.52 0.948081
0.52125 0.95908
0.5225 0.960961
0.52375 0.944463
0.525 0.958211
0.52625 0.931293
0.5275 0.944173
0.52875 0.937805
0.53 0.946199
0.53125 0.938529
0.5325 0.952278
0.53375 0.957053
0.535 0.913202
0.53625 0.929411
0.5375 0.924346
0.53875 0.905677
0.54 0.91436
0.54125 0.941134
0.5425 0.905098
0.54375 0.900467
0.545 0.890915
0.54625 0.910742
0.5475 0.892941
0.54875 0.892507
0.55 0.907992
0.55125 0.905243
0.5525 0.898441
0.55375 0.905243
0.555 0.896849
0.55625 0.898006
0.5575 0.895546
0.55875 0.852998
0.56 0.873548
0.56125 0.896125
0.5625 0.877311
0.56375 0.879771
0.565 0.887007
0.56625 0.871956
0.5675 0.860813
0.56875 0.869785
0.57 0.85951
0.57125 0.849669
0.5725 0.876732
0.57375 0.858063
0.575 0.847932
0.57625 0.837946
0.5775 0.84909
0.57875 0.840407
0.58 0.839394
0.58125 0.835631
0.5825 0.82304
0.58375 0.844459
0.585 0.819277
0.58625 0.828684
0.5875 0.80741
0.58875 0.82825
0.59 0.800029
0.59125 0.827237
0.5925 0.833026
0.59375 0.812909
0.595 0.801621
0.59625 0.793806
0.5975 0.828395
0.59875 0.799884
0.6 0.794095
0.60125 0.798003
0.6025 0.800318
0.60375 0.787149
0.605 0.794095
0.60625 0.805963
0.6075 0.781504
0.60875 0.792793
0.61 0.788741
0.61125 0.787293
0.6125 0.784399
0.61375 0.782662
0.615 0.758493
0.61625 0.770795
0.6175 0.767322
0.61875 0.754731
0.62 0.770795
0.62125 0.75777
0.6225 0.749231
0.62375 0.755744
0.625 0.756757
0.62625 0.73143
0.6275 0.746047
0.62875 0.748218
0.63 0.746916
0.63125 0.758059
0.6325 0.735048
0.63375 0.730707
0.635 0.740258
0.63625 0.725352
0.6375 0.716524
0.63875 0.725786
0.64 0.716958
0.64125 0.709722
0.6425 0.700025
0.64375 0.732443
0.645 0.720287
0.64625 0.704367
0.6475 0.680777
0.64875 0.693802
0.65 0.702775
0.65125 0.712037
0.6525 0.692644
0.65375 0.685987
0.655 0.696118
0.65625 0.691342
0.6575 0.682659
0.65875 0.697854
0.66 0.683961
0.66125 0.677738
0.6625 0.659648
0.66375 0.682803
0.665 0.687145
0.66625 0.663555
0.6675 0.659069
0.66875 0.669344
0.67 0.665581
0.67125 0.67687
0.6725 0.658345
0.67375 0.664279
0.675 0.63244
0.67625 0.657621
0.6775 0.65574
0.67875 0.628677
0.68 0.654872
0.68125 0.643004
0.6825 0.608126
0.68375 0.639821
0.685 0.628677
0.68625 0.625493
0.6875 0.612034
0.68875 0.620283
0.69 0.609139
0.69125 0.617823
0.6925 0.617823
0.69375 0.610731
0.695 0.615507
0.69625 0.61652
0.6975 0.613915
0.69875 0.586852
0.7 0.595246
0.70125 0.616231
0.7025 0.604508
0.70375 0.603061
0.705 0.59814
0.70625 0.581642
0.7075 0.591049
0.70875 0.590036
0.71 0.578169
0.71125 0.589746
0.7125 0.570932
0.71375 0.596693
0.715 0.581497
0.71625 0.552987
0.7175 0.571367
0.71875 0.567748
0.72 0.558197
0.72125 0.551105
0.7225 0.554145
0.72375 0.547487
0.725 0.554723
0.72625 0.543146
0.7275 0.550237
0.72875 0.541409
0.73 0.555881
0.73125 0.53012
0.7325 0.537357
0.73375 0.51999
0.735 0.523753
0.73625 0.525779
0.7375 0.526502
0.73875 0.502334
0.74 0.519845
0.74125 0.523753
0.7425 0.528963
0.74375 0.534752
0.745 0.520135
0.74625 0.516517
0.7475 0.509136
0.74875 0.503347
0.75 0.502334
0.75125 0.502623
0.7525 0.50436
0.75375 0.49119
0.755 0.489164
0.75625 0.482217
0.7575 0.486993
0.75875 0.482362
0.76 0.468324
0.76125 0.477441
0.7625 0.484388
0.76375 0.469626
0.765 0.467311
0.76625 0.47831
0.7675 0.461956
0.76875 0.457759
0.77 0.453273
0.77125 0.465429
0.7725 0.463693
0.77375 0.45993
0.775 0.437787
0.77625 0.443721
0.7775 0.45472
0.77875 0.434893
0.78 0.440537
0.78125 0.431998
0.7825 0.435182
0.78375 0.449076
0.785 0.438945
0.78625 0.427078
0.7875 0.426499
0.78875 0.425052
0.79 0.430117
0.79125 0.431709
0.7925 0.424328
0.79375 0.416223
0.795 0.411448
0.79625 0.402041
0.7975 0.410145
0.79875 0.4155
0.8 0.402764
0.80125 0.401606
0.8025 0.401172
0.80375 0.39712
0.805 0.376714
0.80625 0.384963
0.8075 0.403054
0.80875 0.378017
0.81 0.371649
0.81125 0.374398
0.8125 0.376714
0.81375 0.37353
0.815 0.358334
0.81625 0.363255
0.8175 0.34502
0.81875 0.36036
0.82 0.356019
0.82125 0.358913
0.8225 0.361518
0.82375 0.349072
0.825 0.351388
0.82625 0.355585
0.8275 0.353269
0.82875 0.347335
0.83 0.346756
0.83125 0.353124
0.8325 0.340533
0.83375 0.333442
0.835 0.335323
0.83625 0.343717
0.8375 0.329245
0.83875 0.32114
0.84 0.322443
0.84125 0.313036
0.8425 0.31376
0.84375 0.323601
0.845 0.311299
0.84625 0.312312
0.8475 0.32389
0.84875 0.316075
0.85 0.294801
0.85125 0.296538
0.8525 0.299721
0.85375 0.288288
0.855 0.287999
0.85625 0.283223
0.8575 0.293788
0.85875 0.278013
0.86 0.273816
0.86125 0.285249
0.8625 0.282644
0.86375 0.26629
0.865 0.279605
0.86625 0.263106
0.8675 0.257028
0.86875 0.25862
0.87 0.259199
0.87125 0.261659
0.8725 0.263975
0.87375 0.249647
0.875 0.259344
0.87625 0.239227
0.8775 0.246174
0.87875 0.241543
0.88 0.239661
0.88125 0.246897
0.8825 0.242266
0.88375 0.235754
0.885 0.226781
0.88625 0.226057
0.8875 0.222584
0.88875 0.226926
0.89 0.222005
0.89125 0.221137
0.8925 0.207388
0.89375 0.212019
0.895 0.208112
0.89625 0.214045
0.8975 0.214769
0.89875 0.201744
0.9 0.196968
0.90125 0.200876
0.9025 0.197981
0.90375 0.197113
0.905 0.193639
0.90625 0.183654
0.9075 0.201599
0.90875 0.184088
0.91 0.184811
0.91125 0.17497
0.9125 0.179312
0.91375 0.165129
0.915 0.170773
0.91625 0.165274
0.9175 0.151236
0.91875 0.160064
0.92 0.159195
0.92125 0.162379
0.9225 0.15138
0.92375 0.150801
0.925 0.141105
0.92625 0.152393
0.9275 0.144868
0.92875 0.131409
0.93 0.140092
0.93125 0.137053
0.9325 0.146315
0.93375 0.130106
0.935 0.124896
0.93625 0.127212
0.9375 0.120265
0.93875 0.121857
0.94 0.118239
0.94125 0.116357
0.9425 0.115923
0.94375 0.11216
0.945 0.110424
0.94625 0.105937
0.9475 0.109845
0.94875 0.105358
0.95 0.105648
0.95125 0.103043
0.9525 0.092478
0.95375 0.100872
0.955 0.0904519
0.95625 0.0916097
0.9575 0.0855313
0.95875 0.0855313
0.96 0.0780057
0.96125 0.0801766
0.9625 0.0764138
0.96375 0.077861
0.965 0.0699012
0.96625 0.068454
0.9675 0.0628098
0.96875 0.0690329
0.97 0.0613626
0.97125 0.0551395
0.9725 0.0477586
0.97375 0.045443
0.975 0.0489164
0.97625 0.0461666
0.9775 0.0434169
0.97875 0.0384963
0.98 0.0342994
0.98125 0.0312602
0.9825 0.0322732
0.98375 0.0290893
0.985 0.0298129
0.98625 0.0269185
0.9875 0.0238793
0.98875 0.0201165
0.99 0.0193929
0.99125 0.0164984
0.9925 0.0159195
0.99375 0.0137487
0.995 0.00911755
0.99625 0.00694671
0.9975 0.00549948
0.99875 0.00144723
