0 1.94999
0.00125 1.95121
0.0025 1.95062
0.00375 1.94849
0.005 1.94782
0.00625 1.95201
0.0075 1.94602
0.00875 1.95178
0.01 1.95626
0.01125 1.95926
0.0125 1.97285
0.01375 1.9855
0.015 2.01035
0.01625 1.99196
0.0175 1.97793
0.01875 1.9696
0.02 1.95662
0.02125 1.95441
0.0225 1.94865
0.02375 1.93991
0.025 1.93777
0.02625 1.94077
0.0275 1.93645
0.02875 1.94271
0.03 1.93356
0.03125 1.94381
0.0325 1.9392
0.03375 1.93363
0.035 1.93261
0.03625 1.93075
0.0375 1.92691
0.03875 1.9218
0.04 1.91718
0.04125 1.91842
0.0425 1.91472
0.04375 1.91021
0.045 1.91069
0.04625 1.90161
0.0475 1.90907
0.04875 1.90444
0.05 1.89783
0.05125 1.89923
0.0525 1.89669
0.05375 1.88971
0.055 1.89235
0.05625 1.88672
0.0575 1.87942
0.05875 1.88195
0.06 1.88217
0.06125 1.87848
0.0625 1.87102
0.06375 1.87023
0.065 1.86966
0.06625 1.86995
0.0675 1.8665
0.06875 1.85847
0.07 1.8606
0.07125 1.85737
0.0725 1.85455
0.07375 1.85
0.075 1.851
0.07625 1.84419
0.0775 1.84688
0.07875 1.84018
0.08 1.84209
0.08125 1.83336
0.0825 1.83588
0.08375 1.82901
0.085 1.83176
0.08625 1.82981
0.0875 1.82757
0.08875 1.82193
0.09 1.81416
0.09125 1.82001
0.0925 1.81691
0.09375 1.81205
0.095 1.80969
0.09625 1.80612
0.0975 1.80987
0.09875 1.80078
0.1 1.8
0.10125 1.79891
0.1025 1.79243
0.10375 1.79357
0.105 1.7889
0.10625 1.78953
0.1075 1.78631
0.10875 1.78219
0.11 1.77923
0.11125 1.77654
0.1125 1.77624
0.11375 1.77373
0.115 1.77276
0.11625 1.76831
0.1175 1.76488
0.11875 1.76105
0.12 1.75912
0.12125 1.7567
0.1225 1.75496
0.12375 1.75224
0.125 1.75138
0.12625 1.74901
0.1275 1.7489
0.12875 1.74088
0.13 1.73701
0.13125 1.73623
0.1325 1.731
0.13375 1.73377
0.135 1.73661
0.13625 1.7288
0.1375 1.72371
0.13875 1.72387
0.14 1.72091
0.14125 1.71803
0.1425 1.71775
0.14375 1.71351
0.145 1.70863
0.14625 1.70702
0.1475 1.70109
0.14875 1.70172
0.15 1.69861
0.15125 1.69855
0.1525 1.69586
0.15375 1.69778
0.155 1.69376
0.15625 1.68961
0.1575 1.68514
0.15875 1.6845
0.16 1.68089
0.16125 1.67563
0.1625 1.67084
0.16375 1.67403
0.165 1.66835
0.16625 1.66436
0.1675 1.66707
0.16875 1.66265
0.17 1.6649
0.17125 1.65841
0.1725 1.65627
0.17375 1.65665
0.175 1.64817
0.17625 1.64723
0.1775 1.64805
0.17875 1.64464
0.18 1.6415
0.18125 1.62949
0.1825 1.63342
0.18375 1.632
0.185 1.63142
0.18625 1.62697
0.1875 1.62652
0.18875 1.62474
0.19 1.62498
0.19125 1.61958
0.1925 1.61501
0.19375 1.61108
0.195 1.61178
0.19625 1.6033
0.1975 1.60427
0.19875 1.60521
0.2 1.59893
0.20125 1.59713
0.2025 1.59221
0.20375 1.59721
0.205 1.59351
0.20625 1.58948
0.2075 1.58673
0.20875 1.58381
0.21 1.58078
0.21125 1.57286
0.2125 1.57343
0.21375 1.57252
0.215 1.56838
0.21625 1.56625
0.2175 1.56335
0.21875 1.56651
0.22 1.5622
0.22125 1.56151
0.2225 1.55477
0.22375 1.55343
0.225 1.54722
0.22625 1.54958
0.2275 1.54495
0.22875 1.54349
0.23 1.53707
0.23125 1.5392
0.2325 1.53627
0.23375 1.53225
0.235 1.52943
0.23625 1.52841
0.2375 1.52895
0.23875 1.52351
0.24 1.52252
0.24125 1.51654
0.2425 1.51256
0.24375 1.51132
0.245 1.51379
0.24625 1.50689
0.2475 1.50278
0.24875 1.50452
0.25 1.5037
0.25125 1.49545
0.2525 1.49507
0.25375 1.49399
0.255 1.4908
0.25625 1.48729
0.2575 1.4821
0.25875 1.48625
0.26 1.47562
0.26125 1.47827
0.2625 1.47697
0.26375 1.47188
0.265 1.47078
0.26625 1.46221
0.2675 1.46855
0.26875 1.46143
0.27 1.45829
0.27125 1.45808
0.2725 1.45644
0.27375 1.45257
0.275 1.4504
0.27625 1.44606
0.2775 1.44737
0.27875 1.44375
0.28 1.44197
0.28125 1.4352
0.2825 1.43984
0.28375 1.43497
0.285 1.42708
0.28625 1.4293
0.2875 1.42784
0.28875 1.41775
0.29 1.42026
0.29125 1.41673
0.2925 1.414
0.29375 1.41153
0.295 1.40954
0.29625 1.40862
0.2975 1.4061
0.29875 1.40109
0.3 1.40394
0.30125 1.39695
0.3025 1.39497
0.30375 1.39462
0.305 1.38848
0.30625 1.38952
0.3075 1.38547
0.30875 1.38129
0.31 1.38087
0.31125 1.3813
0.3125 1.37537
0.31375 1.3701
0.315 1.36984
0.31625 1.36878
0.3175 1.36135
0.31875 1.36522
0.32 1.3647
0.32125 1.35962
0.3225 1.35104
0.32375 1.35287
0.325 1.35
0.32625 1.34842
0.3275 1.34155
0.32875 1.34148
0.33 1.3402
0.33125 1.33752
0.3325 1.33423
0.33375 1.3323
0.335 1.32989
0.33625 1.32706
0.3375 1.32557
0.33875 1.32316
0.34 1.31938
0.34125 1.31945
0.3425 1.31335
0.34375 1.31343
0.345 1.31001
0.34625 1.30722
0.3475 1.30552
0.34875 1.30559
0.35 1.29937
0.35125 1.29483
0.3525 1.29791
0.35375 1.29371
0.355 1.29152
0.35625 1.28798
0.3575 1.28614
0.35875 1.28009
0.36 1.27875
0.36125 1.27623
0.3625 1.27665
0.36375 1.27194
0.365 1.26946
0.36625 1.26731
0.3675 1.266
0.36875 1.26119
0.37 1.26197
0.37125 1.25444
0.3725 1.25618
0.37375 1.25478
0.375 1.25175
0.37625 1.24914
0.3775 1.24554
0.37875 1.24246
0.38 1.24041
0.38125 1.23516
0.3825 1.2336
0.38375 1.23052
0.385 1.23209
0.38625 1.22847
0.3875 1.22977
0.38875 1.2222
0.39 1.21891
0.39125 1.21912
0.3925 1.21213
0.39375 1.21326
0.395 1.21358
0.39625 1.20649
0.3975 1.20693
0.39875 1.20245
0.4 1.20105
0.40125 1.19692
0.4025 1.19357
0.40375 1.19312
0.405 1.18908
0.40625 1.18737
0.4075 1.1859
0.40875 1.18081
0.41 1.17873
0.41125 1.17507
0.4125 1.17556
0.41375 1.17672
0.415 1.1706
0.41625 1.16552
0.4175 1.16557
0.41875 1.1637
0.42 1.15834
0.42125 1.15702
0.4225 1.15592
0.42375 1.15224
0.425 1.15109
0.42625 1.14984
0.4275 1.14648
0.42875 1.141
0.43 1.13783
0.43125 1.137
0.4325 1.13513
0.43375 1.13197
0.435 1.13088
0.43625 1.12879
0.4375 1.12413
0.43875 1.12155
0.44 1.12131
0.44125 1.11981
0.4425 1.11473
0.44375 1.11094
0.445 1.11042
0.44625 1.10851
0.4475 1.10542
0.44875 1.10099
0.45 1.09838
0.45125 1.09735
0.4525 1.09558
0.45375 1.09386
0.455 1.08744
0.45625 1.08507
0.4575 1.08586
0.45875 1.08179
0.46 1.07513
0.46125 1.07783
0.4625 1.07399
0.46375 1.07257
0.465 1.06767
0.46625 1.06752
0.4675 1.06569
0.46875 1.06032
0.47 1.0578
0.47125 1.05797
0.4725 1.05107
0.47375 1.05517
0.475 1.04805
0.47625 1.04677
0.4775 1.0417
0.47875 1.04285
0.48 1.0402
0.48125 1.0376
0.4825 1.03495
0.48375 1.03438
0.485 1.0298
0.48625 1.0267
0.4875 1.02455
0.48875 1.02052
0.49 1.01903
0.49125 1.01584
0.4925 1.01268
0.49375 1.00998
0.495 1.01211
0.49625 1.00666
0.4975 1.00375
0.49875 1.00324
0.5 0.99879
0.50125 0.99906
0.5025 0.994416
0.50375 0.990984
0.505 0.987329
0.50625 0.98665
0.5075 0.984375
0.50875 0.97939
0.51 0.977438
0.51125 0.976525
0.5125 0.974261
0.51375 0.972012
0.515 0.97109
0.51625 0.966035
0.5175 0.963284
0.51875 0.959846
0.52 0.960207
0.52125 0.95684
0.5225 0.954441
0.52375 0.951458
0.525 0.946764
0.52625 0.950231
0.5275 0.943714
0.52875 0.939131
0.53 0.939703
0.53125 0.937522
0.5325 0.931369
0.53375 0.935476
0.535 0.927937
0.53625 0.923932
0.5375 0.925796
0.53875 0.921936
0.54 0.922124
0.54125 0.91787
0.5425 0.916475
0.54375 0.909579
0.545 0.906523
0.54625 0.906907
0.5475 0.901288
0.54875 0.901902
0.55 0.897783
0.55125 0.894762
0.5525 0.892733
0.55375 0.891042
0.555 0.888024
0.55625 0.887495
0.5575 0.887296
0.55875 0.880802
0.56 0.877839
0.56125 0.872029
0.5625 0.873356
0.56375 0.868263
0.565 0.868985
0.56625 0.867555
0.5675 0.861745
0.56875 0.862347
0.57 0.861181
0.57125 0.853399
0.5725 0.854056
0.57375 0.852864
0.575 0.848372
0.57625 0.846329
0.5775 0.841987
0.57875 0.83965
0.58 0.836773
0.58125 0.83576
0.5825 0.832343
0.58375 0.829709
0.585 0.8281
0.58625 0.827525
0.5875 0.825696
0.58875 0.821715
0.59 0.817942
0.59125 0.816982
0.5925 0.811296
0.59375 0.808929
0.595 0.804335
0.59625 0.807893
0.5975 0.801367
0.59875 0.799905
0.6 0.800835
0.60125 0.796449
0.6025 0.791699
0.60375 0.78965
0.605 0.787891
0.60625 0.787327
0.6075 0.785375
0.60875 0.780299
0.61 0.777622
0.61125 0.775082
0.6125 0.772907
0.61375 0.769657
0.615 0.76584
0.61625 0.764995
0.6175 0.762232
0.61875 0.761703
0.62 0.759651
0.62125 0.757446
0.6225 0.752711
0.62375 0.75289
0.625 0.747517
0.62625 0.743419
0.6275 0.744232
0.62875 0.741743
0.63 0.736931
0.63125 0.734926
0.6325 0.73098
0.63375 0.728684
0.635 0.728517
0.63625 0.727392
0.6375 0.724953
0.63875 0.721888
0.64 0.714974
0.64125 0.717008
0.6425 0.716107
0.64375 0.70818
0.645 0.706742
0.64625 0.704945
0.6475 0.703377
0.64875 0.70043
0.65 0.69747
0.65125 0.697036
0.6525 0.692065
0.65375 0.689908
0.655 0.688252
0.65625 0.685169
0.6575 0.685469
0.65875 0.678428
0.66 0.677125
0.66125 0.677876
0.6625 0.670731
0.66375 0.671059
0.665 0.671564
0.66625 0.666638
0.6675 0.664827
0.66875 0.659701
0.67 0.656371
0.67125 0.656095
0.6725 0.653512
0.67375 0.651448
0.675 0.648263
0.67625 0.645427
0.6775 0.641951
0.67875 0.641422
0.68 0.638633
0.68125 0.636789
0.6825 0.632576
0.68375 0.630627
0.685 0.628361
0.68625 0.624177
0.6875 0.622298
0.68875 0.619518
0.69 0.616858
0.69125 0.617524
0.6925 0.611582
0.69375 0.607202
0.695 0.608279
0.69625 0.606662
0.6975 0.604783
0.69875 0.60128
0.7 0.597493
0.70125 0.594857
0.7025 0.592308
0.70375 0.5891
0.705 0.588286
0.70625 0.583055
0.7075 0.584405
0.70875 0.580183
0.71 0.578269
0.71125 0.576983
0.7125 0.573962
0.71375 0.570868
0.715 0.566975
0.71625 0.565481
0.7175 0.562469
0.71875 0.560502
0.72 0.557824
0.72125 0.555396
0.7225 0.55239
0.72375 0.550115
0.725 0.549639
0.72625 0.543982
0.7275 0.541439
0.72875 0.541721
0.73 0.538844
0.73125 0.537035
0.7325 0.533172
0.73375 0.530673
0.735 0.527001
0.73625 0.527074
0.7375 0.524141
0.73875 0.523052
0.74 0.517709
0.74125 0.51558
0.7425 0.513698
0.74375 0.512806
0.745 0.507201
0.74625 0.505866
0.7475 0.501227
0.74875 0.500728
0.75 0.498133
0.75125 0.494859
0.7525 0.491894
0.75375 0.488524
0.755 0.489149
0.75625 0.487396
0.7575 0.484117
0.75875 0.478997
0.76 0.476909
0.76125 0.474992
0.7625 0.472743
0.76375 0.470233
0.765 0.467653
0.76625 0.465195
0.7675 0.463592
0.76875 0.460128
0.77 0.455995
0.77125 0.455707
0.7725 0.452768
0.77375 0.450954
0.775 0.445355
0.77625 0.446529
0.7775 0.444862
0.77875 0.438142
0.78 0.438999
0.78125 0.436113
0.7825 0.433679
0.78375 0.430074
0.785 0.427963
0.78625 0.423821
0.7875 0.423832
0.78875 0.420207
0.79 0.4176
0.79125 0.415545
0.7925 0.414009
0.79375 0.408563
0.795 0.409247
0.79625 0.404705
0.7975 0.404523
0.79875 0.399897
0.8 0.398079
0.80125 0.393957
0.8025 0.393702
0.80375 0.391594
0.805 0.387067
0.80625 0.38461
0.8075 0.382105
0.80875 0.379663
0.81 0.377857
0.81125 0.375729
0.8125 0.372584
0.81375 0.370068
0.815 0.368741
0.81625 0.366522
0.8175 0.362473
0.81875 0.3606
0.82 0.356082
0.82125 0.356279
0.8225 0.354397
0.82375 0.348675
0.825 0.347386
0.82625 0.346218
0.8275 0.343602
0.82875 0.339894
0.83 0.337986
0.83125 0.335933
0.8325 0.332948
0.83375 0.328603
0.835 0.328071
0.83625 0.32316
0.8375 0.322945
0.83875 0.321454
0.84 0.316862
0.84125 0.316281
0.8425 0.312573
0.84375 0.312934
0.845 0.308812
0.84625 0.304737
0.8475 0.301405
0.84875 0.299094
0.85 0.297398
0.85125 0.294776
0.8525 0.291109
0.85375 0.289195
0.855 0.288517
0.85625 0.286121
0.8575 0.283802
0.85875 0.282269
0.86 0.279093
0.86125 0.275162
0.8625 0.272094
0.86375 0.270044
0.865 0.267185
0.86625 0.265855
0.8675 0.262719
0.86875 0.259188
0.87 0.258524
0.87125 0.255744
0.8725 0.253354
0.87375 0.252318
0.875 0.24824
0.87625 0.245401
0.8775 0.243346
0.87875 0.241162
0.88 0.237738
0.88125 0.235707
0.8825 0.232815
0.88375 0.228091
0.885 0.227704
0.88625 0.226518
0.8875 0.222131
0.88875 0.220948
0.89 0.219246
0.89125 0.21663
0.8925 0.213471
0.89375 0.209437
0.895 0.206272
0.89625 0.204669
0.8975 0.203128
0.89875 0.200127
0.9 0.198401
0.90125 0.196193
0.9025 0.192776
0.90375 0.191737
0.905 0.188178
0.90625 0.185199
0.9075 0.184359
0.90875 0.181546
0.91 0.178728
0.91125 0.177483
0.9125 0.17315
0.91375 0.171033
0.915 0.167363
0.91625 0.164662
0.9175 0.163641
0.91875 0.161192
0.92 0.158459
0.92125 0.156319
0.9225 0.153735
0.92375 0.151571
0.925 0.149146
0.92625 0.146516
0.9275 0.144079
0.92875 0.140345
0.93 0.13797
0.93125 0.13733
0.9325 0.133454
0.93375 0.131123
0.935 0.129036
0.93625 0.125457
0.9375 0.123338
0.93875 0.122025
0.94 0.120058
0.94125 0.116124
0.9425 0.11367
0.94375 0.110716
0.945 0.109075
0.94625 0.106222
0.9475 0.104525
0.94875 0.100617
0.95 0.0993048
0.95125 0.0964541
0.9525 0.0937942
0.95375 0.0908319
0.955 0.0890469
0.95625 0.0868891
0.9575 0.0830666
0.95875 0.081311
0.96 0.0786247
0.96125 0.0753454
0.9625 0.0736455
0.96375 0.0703779
0.965 0.0685753
0.96625 0.0665202
0.9675 0.0638486
0.96875 0.0610361
0.97 0.0589839
0.97125 0.0559189
0.9725 0.0543864
0.97375 0.0506285
0.975 0.0484179
0.97625 0.0457433
0.9775 0.0436706
0.97875 0.0417007
0.98 0.0380279
0.98125 0.0354649
0.9825 0.0344022
0.98375 0.0313283
0.985 0.0282604
0.98625 0.0258853
0.9875 0.0236687
0.98875 0.0205156
0.99 0.017756
0.99125 0.015971
0.9925 0.0130028
0.99375 0.0109096
0.995 0.00834659
0.99625 0.00596562
0.9975 0.00367567
0.99875 0.00139746
