0 2.00991
0.00125 1.97069
0.0025 1.99052
0.00375 2.03017
0.005 1.99805
0.00625 2.00702
0.0075 1.98502
0.00875 1.95376
0.01 1.95694
0.01125 1.99645
0.0125 2.0131
0.01375 1.96968
0.015 1.96693
0.01625 1.93451
0.0175 1.95651
0.01875 1.97084
0.02 2.00007
0.02125 1.95723
0.0225 1.94349
0.02375 1.94522
0.025 1.95883
0.02625 1.93596
0.0275 1.93061
0.02875 1.93278
0.03 1.91859
0.03125 1.95188
0.0325 1.96187
0.03375 1.93972
0.035 1.91092
0.03625 1.90658
0.0375 1.91295
0.03875 1.91874
0.04 1.90224
0.04125 1.94609
0.0425 1.92568
0.04375 1.91005
0.045 1.89573
0.04625 1.90137
0.0475 1.88994
0.04875 1.89139
0.05 1.87691
0.05125 1.92757
0.0525 1.89674
0.05375 1.90644
0.055 1.86143
0.05625 1.85072
0.0575 1.88154
0.05875 1.92149
0.06 1.90079
0.06125 1.85115
0.0625 1.88458
0.06375 1.90354
0.065 1.86476
0.06625 1.87865
0.0675 1.83422
0.06875 1.86302
0.07 1.8319
0.07125 1.82539
0.0725 1.85535
0.07375 1.87503
0.075 1.86143
0.07625 1.81208
0.0775 1.87243
0.07875 1.8374
0.08 1.85419
0.08125 1.83176
0.0825 1.828
0.08375 1.8115
0.085 1.82438
0.08625 1.82771
0.0875 1.84218
0.08875 1.84739
0.09 1.81367
0.09125 1.83046
0.0925 1.79703
0.09375 1.81323
0.095 1.78299
0.09625 1.78284
0.0975 1.80354
0.09875 1.78024
0.1 1.79804
0.10125 1.79211
0.1025 1.79297
0.10375 1.79529
0.105 1.78617
0.10625 1.79804
0.1075 1.80108
0.10875 1.78661
0.11 1.78718
0.11125 1.77199
0.1125 1.7869
0.11375 1.77966
0.115 1.77069
0.11625 1.80846
0.1175 1.78603
0.11875 1.75723
0.12 1.78704
0.12125 1.76721
0.1225 1.74579
0.12375 1.74131
0.125 1.74623
0.12625 1.75578
0.1275 1.7348
0.12875 1.74145
0.13 1.74232
0.13125 1.72206
0.1325 1.75014
0.13375 1.7387
0.135 1.73016
0.13625 1.74695
0.1375 1.71642
0.13875 1.71945
0.14 1.75014
0.14125 1.71005
0.1425 1.70296
0.14375 1.70643
0.145 1.72669
0.14625 1.68689
0.1475 1.71424
0.14875 1.71236
0.15 1.69094
0.15125 1.72959
0.1525 1.68689
0.15375 1.673
0.155 1.71236
0.15625 1.69731
0.1575 1.69558
0.15875 1.69601
0.16 1.67372
0.16125 1.68096
0.1625 1.67473
0.16375 1.68241
0.165 1.68718
0.16625 1.65679
0.1675 1.65882
0.16875 1.66113
0.17 1.66663
0.17125 1.66938
0.1725 1.65245
0.17375 1.66229
0.175 1.65679
0.17625 1.62553
0.1775 1.63841
0.17875 1.66084
0.18 1.60802
0.18125 1.60961
0.1825 1.6319
0.18375 1.60961
0.185 1.62582
0.18625 1.64232
0.1875 1.61091
0.18875 1.63277
0.19 1.59239
0.19125 1.58689
0.1925 1.58631
0.19375 1.607
0.195 1.60773
0.19625 1.59774
0.1975 1.62148
0.19875 1.6057
0.2 1.57459
0.20125 1.59904
0.2025 1.56663
0.20375 1.58284
0.205 1.58819
0.20625 1.54955
0.2075 1.5892
0.20875 1.56532
0.21 1.56981
0.21125 1.58211
0.2125 1.56967
0.21375 1.54883
0.215 1.57444
0.21625 1.56952
0.2175 1.55722
0.21875 1.56822
0.22 1.57357
0.22125 1.56359
0.2225 1.52987
0.22375 1.53247
0.225 1.5455
0.22625 1.5578
0.2275 1.54897
0.22875 1.53363
0.23 1.53812
0.23125 1.53233
0.2325 1.55027
0.23375 1.52278
0.235 1.53537
0.23625 1.54926
0.2375 1.53566
0.23875 1.53045
0.24 1.52755
0.24125 1.52032
0.2425 1.5332
0.24375 1.50932
0.245 1.51163
0.24625 1.51511
0.2475 1.49948
0.24875 1.51236
0.25 1.50903
0.25125 1.50961
0.2525 1.50121
0.25375 1.48385
0.255 1.52133
0.25625 1.4837
0.2575 1.49123
0.25875 1.49094
0.26 1.46344
0.26125 1.51192
0.2625 1.48934
0.26375 1.4824
0.265 1.45345
0.26625 1.47343
0.2675 1.44535
0.26875 1.45012
0.27 1.4604
0.27125 1.4646
0.2725 1.44969
0.27375 1.48008
0.275 1.47516
0.27625 1.44202
0.2775 1.45461
0.27875 1.46807
0.28 1.44694
0.28125 1.43623
0.2825 1.45345
0.28375 1.44245
0.285 1.43232
0.28625 1.44028
0.2875 1.45128
0.28875 1.42219
0.29 1.40801
0.29125 1.40526
0.2925 1.39122
0.29375 1.42147
0.295 1.42234
0.29625 1.39701
0.2975 1.41047
0.29875 1.41771
0.3 1.39281
0.30125 1.38978
0.3025 1.40873
0.30375 1.40555
0.305 1.40483
0.30625 1.41206
0.3075 1.40598
0.30875 1.40309
0.31 1.3643
0.31125 1.38471
0.3125 1.37733
0.31375 1.36691
0.315 1.37791
0.31625 1.39006
0.3175 1.36271
0.31875 1.36894
0.32 1.36561
0.32125 1.36792
0.3225 1.36257
0.32375 1.33782
0.325 1.34708
0.32625 1.35707
0.3275 1.34781
0.32875 1.35866
0.33 1.33985
0.33125 1.31828
0.3325 1.31814
0.33375 1.33637
0.335 1.33478
0.33625 1.31987
0.3375 1.31597
0.33875 1.34332
0.34 1.32277
0.34125 1.30569
0.3425 1.30714
0.34375 1.30613
0.345 1.30323
0.34625 1.29513
0.3475 1.31597
0.34875 1.31177
0.35 1.29513
0.35125 1.2795
0.3525 1.30178
0.35375 1.29281
0.355 1.29744
0.35625 1.29021
0.3575 1.29209
0.35875 1.29353
0.36 1.26792
0.36125 1.27183
0.3625 1.23651
0.36375 1.27356
0.365 1.26155
0.36625 1.26416
0.3675 1.26068
0.36875 1.24679
0.37 1.26908
0.37125 1.2507
0.3725 1.24693
0.37375 1.24925
0.375 1.23203
0.37625 1.27081
0.3775 1.25967
0.37875 1.25851
0.38 1.22913
0.38125 1.21234
0.3825 1.22392
0.38375 1.23015
0.385 1.23159
0.38625 1.21958
0.3875 1.23868
0.38875 1.23116
0.39 1.23087
0.39125 1.21886
0.3925 1.2397
0.39375 1.20583
0.395 1.22551
0.39625 1.18369
0.3975 1.20931
0.39875 1.22146
0.4 1.18456
0.40125 1.16676
0.4025 1.17964
0.40375 1.19498
0.405 1.18398
0.40625 1.19382
0.4075 1.18007
0.40875 1.21481
0.41 1.18268
0.41125 1.17515
0.4125 1.18977
0.41375 1.20366
0.415 1.17573
0.41625 1.16748
0.4175 1.15431
0.41875 1.15663
0.42 1.12884
0.42125 1.16444
0.4225 1.15171
0.42375 1.14635
0.425 1.14852
0.42625 1.14736
0.4275 1.16444
0.42875 1.11885
0.43 1.1106
0.43125 1.14476
0.4325 1.13506
0.43375 1.13173
0.435 1.12869
0.43625 1.12566
0.4375 1.12406
0.43875 1.1177
0.44 1.108
0.44125 1.13188
0.4425 1.09657
0.44375 1.11726
0.445 1.11437
0.44625 1.12276
0.4475 1.10626
0.44875 1.08644
0.45 1.08586
0.45125 1.09107
0.4525 1.12681
0.45375 1.09324
0.455 1.05532
0.45625 1.09295
0.4575 1.10279
0.45875 1.06068
0.46 1.08354
0.46125 1.06415
0.4625 1.10395
0.46375 1.06849
0.465 1.05083
0.46625 1.07023
0.4675 1.07167
0.46875 1.06068
0.47 1.0449
0.47125 1.06458
0.4725 1.05185
0.47375 1.04678
0.475 1.05966
0.47625 1.0326
0.4775 1.02348
0.47875 1.05373
0.48 1.03101
0.48125 1.05098
0.4825 1.02695
0.48375 1.02044
0.485 1.05185
0.48625 1.02623
0.4875 1.03318
0.48875 1.0242
0.49 1.00004
0.49125 1.01928
0.4925 1.01625
0.49375 1.00018
0.495 1.00771
0.49625 0.98759
0.4975 1.00336
0.49875 1.01552
0.5 0.987879
0.50125 0.998589
0.5025 1.00322
0.50375 0.997286
0.505 0.989037
0.50625 0.976157
0.5075 0.967763
0.50875 0.96921
0.51 0.960672
0.51125 0.977315
0.5125 0.960093
0.51375 0.957053
0.515 0.965447
0.51625 0.976446
0.5175 0.969644
0.51875 0.96125
0.52 0.949238
0.52125 0.963132
0.5225 0.955027
0.52375 0.952712
0.525 0.941134
0.52625 0.950541
0.5275 0.948949
0.52875 0.923622
0.53 0.94866
0.53125 0.938963
0.5325 0.922899
0.53375 0.912913
0.535 0.930714
0.53625 0.924201
0.5375 0.92478
0.53875 0.922175
0.54 0.922899
0.54125 0.938818
0.5425 0.906256
0.54375 0.908716
0.545 0.894533
0.54625 0.914505
0.5475 0.916097
0.54875 0.894244
0.55 0.889323
0.55125 0.892507
0.5525 0.90394
0.55375 0.886863
0.555 0.885416
0.55625 0.895257
0.5575 0.89106
0.55875 0.89106
0.56 0.881653
0.56125 0.86718
0.5625 0.88064
0.56375 0.89627
0.565 0.859944
0.56625 0.855168
0.5675 0.863418
0.56875 0.87239
0.57 0.853721
0.57125 0.853432
0.5725 0.858208
0.57375 0.853866
0.575 0.837223
0.57625 0.856905
0.5775 0.832881
0.57875 0.850103
0.58 0.833749
0.58125 0.849958
0.5825 0.832302
0.58375 0.827671
0.585 0.812186
0.58625 0.825211
0.5875 0.837367
0.58875 0.820724
0.59 0.838525
0.59125 0.822172
0.5925 0.795543
0.59375 0.821303
0.595 0.789609
0.59625 0.81233
0.5975 0.792214
0.59875 0.796845
0.6 0.793372
0.60125 0.790333
0.6025 0.785122
0.60375 0.800897
0.605 0.777886
0.60625 0.766598
0.6075 0.788451
0.60875 0.774268
0.61 0.77832
0.61125 0.769058
0.6125 0.776439
0.61375 0.777163
0.615 0.779478
0.61625 0.758638
0.6175 0.749521
0.61875 0.768045
0.62 0.758783
0.62125 0.757625
0.6225 0.769782
0.62375 0.765874
0.625 0.754731
0.62625 0.748218
0.6275 0.735482
0.62875 0.749665
0.63 0.737798
0.63125 0.740548
0.6325 0.744021
0.63375 0.733456
0.635 0.72651
0.63625 0.733022
0.6375 0.71088
0.63875 0.728102
0.64 0.715655
0.64125 0.707261
0.6425 0.715945
0.64375 0.695828
0.645 0.689316
0.64625 0.70017
0.6475 0.707985
0.64875 0.707551
0.65 0.692066
0.65125 0.705959
0.6525 0.693947
0.65375 0.695684
0.655 0.706827
0.65625 0.675422
0.6575 0.677593
0.65875 0.673107
0.66 0.688737
0.66125 0.687579
0.6625 0.656464
0.66375 0.658779
0.665 0.663845
0.66625 0.658779
0.6675 0.668042
0.66875 0.67137
0.67 0.665871
0.67125 0.664858
0.6725 0.662542
0.67375 0.656753
0.675 0.630414
0.67625 0.651833
0.6775 0.639531
0.67875 0.638229
0.68 0.646767
0.68125 0.606679
0.6825 0.631282
0.68375 0.628243
0.685 0.632584
0.68625 0.605232
0.6875 0.612468
0.68875 0.627085
0.69 0.600601
0.69125 0.62448
0.6925 0.612178
0.69375 0.606534
0.695 0.599153
0.69625 0.620138
0.6975 0.610008
0.69875 0.594956
0.7 0.592496
0.70125 0.606534
0.7025 0.581642
0.70375 0.584392
0.705 0.587286
0.70625 0.574406
0.7075 0.594378
0.70875 0.583813
0.71 0.574985
0.71125 0.575564
0.7125 0.563407
0.71375 0.569051
0.715 0.56442
0.71625 0.565722
0.7175 0.549658
0.71875 0.558776
0.72 0.550816
0.72125 0.553276
0.7225 0.561525
0.72375 0.549224
0.725 0.557473
0.72625 0.543146
0.7275 0.540106
0.72875 0.531712
0.73 0.538659
0.73125 0.532147
0.7325 0.532725
0.73375 0.519122
0.735 0.528818
0.73625 0.528094
0.7375 0.502189
0.73875 0.51232
0.74 0.507544
0.74125 0.513333
0.7425 0.504939
0.74375 0.512175
0.745 0.509715
0.74625 0.488006
0.7475 0.49886
0.74875 0.498281
0.75 0.498571
0.75125 0.487717
0.7525 0.512609
0.75375 0.480336
0.755 0.488585
0.75625 0.474257
0.7575 0.479178
0.75875 0.473534
0.76 0.46268
0.76125 0.482507
0.7625 0.485691
0.76375 0.474257
0.765 0.458338
0.76625 0.481928
0.7675 0.465863
0.76875 0.472087
0.77 0.452259
0.77125 0.451681
0.7725 0.460798
0.77375 0.452404
0.775 0.45443
0.77625 0.444879
0.7775 0.447484
0.77875 0.436919
0.78 0.424617
0.78125 0.433011
0.7825 0.43634
0.78375 0.426499
0.785 0.433156
0.78625 0.430117
0.7875 0.426354
0.78875 0.438945
0.79 0.436051
0.79125 0.416223
0.7925 0.419986
0.79375 0.416658
0.795 0.406382
0.79625 0.400304
0.7975 0.42346
0.79875 0.396541
0.8 0.404211
0.80125 0.395094
0.8025 0.392199
0.80375 0.395094
0.805 0.386266
0.80625 0.382069
0.8075 0.385253
0.80875 0.381635
0.81 0.3867
0.81125 0.3634
0.8125 0.385687
0.81375 0.372083
0.815 0.366005
0.81625 0.366294
0.8175 0.366728
0.81875 0.358913
0.82 0.37353
0.82125 0.369188
0.8225 0.352256
0.82375 0.350809
0.825 0.345309
0.82625 0.337494
0.8275 0.347625
0.82875 0.341981
0.83 0.333876
0.83125 0.346901
0.8325 0.327364
0.83375 0.321864
0.835 0.323456
0.83625 0.320851
0.8375 0.330403
0.83875 0.315496
0.84 0.327798
0.84125 0.317378
0.8425 0.31101
0.84375 0.312891
0.845 0.315786
0.84625 0.322153
0.8475 0.302326
0.84875 0.29509
0.85 0.300879
0.85125 0.291327
0.8525 0.304642
0.85375 0.286262
0.855 0.285394
0.85625 0.306813
0.8575 0.294077
0.85875 0.280763
0.86 0.272369
0.86125 0.274395
0.8625 0.275553
0.86375 0.26933
0.865 0.273671
0.86625 0.258331
0.8675 0.254423
0.86875 0.265856
0.87 0.264264
0.87125 0.244292
0.8725 0.257173
0.87375 0.264264
0.875 0.254568
0.87625 0.247766
0.8775 0.248779
0.87875 0.237491
0.88 0.236333
0.88125 0.233294
0.8825 0.236622
0.88375 0.221282
0.885 0.219111
0.88625 0.229097
0.8875 0.228952
0.88875 0.214914
0.89 0.223887
0.89125 0.217085
0.8925 0.21448
0.89375 0.202033
0.895 0.203336
0.89625 0.186693
0.8975 0.197547
0.89875 0.19089
0.9 0.195666
0.90125 0.196534
0.9025 0.186693
0.90375 0.193061
0.905 0.1961
0.90625 0.178588
0.9075 0.186693
0.90875 0.176562
0.91 0.179891
0.91125 0.181338
0.9125 0.173668
0.91375 0.174102
0.915 0.163392
0.91625 0.167445
0.9175 0.16701
0.91875 0.155288
0.92 0.154854
0.92125 0.15138
0.9225 0.153262
0.92375 0.152249
0.925 0.149788
0.92625 0.143565
0.9275 0.131843
0.92875 0.144578
0.93 0.137197
0.93125 0.144868
0.9325 0.130974
0.93375 0.127067
0.935 0.131264
0.93625 0.118962
0.9375 0.123738
0.93875 0.118528
0.94 0.120554
0.94125 0.115923
0.9425 0.108398
0.94375 0.100004
0.945 0.105937
0.94625 0.103911
0.9475 0.0978328
0.94875 0.102898
0.95 0.0926227
0.95125 0.0923333
0.9525 0.0875574
0.95375 0.0921886
0.955 0.0865444
0.95625 0.0822027
0.9575 0.0782952
0.95875 0.0829263
0.96 0.0701907
0.96125 0.0746771
0.9625 0.0664279
0.96375 0.0633887
0.965 0.0610731
0.96625 0.059047
0.9675 0.0615073
0.96875 0.0583234
0.97 0.0505083
0.97125 0.0583234
0.9725 0.0463114
0.97375 0.051232
0.975 0.0460219
0.97625 0.045443
0.9775 0.0393647
0.97875 0.0386411
0.98 0.0374833
0.98125 0.0287999
0.9825 0.0332863
0.98375 0.0280763
0.985 0.0237346
0.98625 0.0285104
0.9875 0.0247476
0.98875 0.0208401
0.99 0.0178009
0.99125 0.0191034
0.9925 0.00998589
0.99375 0.0101306
0.995 0.00810449
0.99625 0.00463114
0.9975 0.00405225
0.99875 0.000723615
