0 0.00766254
0.00176777 0.023472
0.00353553 0.03949
0.0053033 0.0538081
0.00707107 0.0698495
0.00883883 0.0849632
0.0106066 0.100353
0.0123744 0.116018
0.0141421 0.130357
0.0159099 0.144995
0.0176777 0.160681
0.0194454 0.176649
0.0212132 0.191575
0.022981 0.204434
0.0247487 0.220496
0.0265165 0.234764
0.0282843 0.251411
0.030052 0.262731
0.0318198 0.279016
0.0335876 0.291282
0.0353553 0.307462
0.0371231 0.31966
0.0388909 0.335713
0.0406586 0.350357
0.0424264 0.363618
0.0441942 0.378116
0.0459619 0.390549
0.0477297 0.404958
0.0494975 0.419106
0.0512652 0.432637
0.053033 0.445875
0.0548008 0.460398
0.0565685 0.474435
0.0583363 0.486982
0.0601041 0.498963
0.0618718 0.514802
0.0636396 0.52496
0.0654074 0.539496
0.0671751 0.551741
0.0689429 0.566091
0.0707107 0.577697
0.0724784 0.589188
0.0742462 0.606718
0.076014 0.617063
0.0777817 0.632016
0.0795495 0.641308
0.0813173 0.657082
0.083085 0.666339
0.0848528 0.679832
0.0866206 0.693037
0.0883883 0.706348
0.0901561 0.717469
0.0919239 0.73024
0.0936916 0.739362
0.0954594 0.75439
0.0972272 0.765655
0.0989949 0.777868
0.100763 0.789776
0.10253 0.799699
0.104298 0.812969
0.106066 0.827971
0.107834 0.835428
0.109602 0.848384
0.111369 0.860101
0.113137 0.871122
0.114905 0.884604
0.116673 0.892912
0.11844 0.905906
0.120208 0.914529
0.121976 0.924628
0.123744 0.937317
0.125511 0.949582
0.127279 0.959059
0.129047 0.969696
0.130815 0.981959
0.132583 0.989762
0.13435 1.00247
0.136118 1.0125
0.137886 1.02222
0.139654 1.03672
0.141421 1.04532
0.143189 1.05363
0.144957 1.06438
0.146725 1.07788
0.148492 1.08414
0.15026 1.09409
0.152028 1.10642
0.153796 1.11412
0.155563 1.12389
0.157331 1.13532
0.159099 1.143
0.160867 1.15074
0.162635 1.16045
0.164402 1.17077
0.16617 1.18398
0.167938 1.18858
0.169706 1.20283
0.171473 1.2081
0.173241 1.22185
0.175009 1.23327
0.176777 1.23718
0.178544 1.2474
0.180312 1.25488
0.18208 1.26598
0.183848 1.27512
0.185616 1.28194
0.187383 1.28892
0.189151 1.30131
0.190919 1.30925
0.192687 1.31896
0.194454 1.32294
0.196222 1.33055
0.19799 1.34395
0.199758 1.34949
0.201525 1.35868
0.203293 1.36548
0.205061 1.37498
0.206829 1.38377
0.208596 1.38737
0.210364 1.39585
0.212132 1.40783
0.2139 1.41388
0.215668 1.42433
0.217435 1.43157
0.219203 1.43819
0.220971 1.44488
0.222739 1.45351
0.224506 1.46009
0.226274 1.46914
0.228042 1.4762
0.22981 1.48068
0.231577 1.48873
0.233345 1.49714
0.235113 1.5085
0.236881 1.51184
0.238649 1.51768
0.240416 1.52566
0.242184 1.52964
0.243952 1.5365
0.24572 1.54343
0.247487 1.55904
0.249255 1.5619
0.251023 1.5667
0.252791 1.57214
0.254558 1.57798
0.256326 1.58186
0.258094 1.59692
0.259862 1.59586
0.261629 1.60629
0.263397 1.61208
0.265165 1.61854
0.266933 1.62476
0.268701 1.62904
0.270468 1.63506
0.272236 1.63942
0.274004 1.64849
0.275772 1.65029
0.277539 1.6588
0.279307 1.66478
0.281075 1.66953
0.282843 1.67492
0.28461 1.68157
0.286378 1.68419
0.288146 1.69379
0.289914 1.69444
0.291682 1.70481
0.293449 1.71033
0.295217 1.71235
0.296985 1.71952
0.298753 1.72443
0.30052 1.72617
0.302288 1.73548
0.304056 1.74164
0.305824 1.74332
0.307591 1.7494
0.309359 1.74795
0.311127 1.75952
0.312895 1.76336
0.314663 1.76508
0.31643 1.77446
0.318198 1.77598
0.319966 1.78317
0.321734 1.7898
0.323501 1.78927
0.325269 1.79527
0.327037 1.80252
0.328805 1.8028
0.330572 1.80513
0.33234 1.80918
0.334108 1.81592
0.335876 1.81832
0.337643 1.8191
0.339411 1.82638
0.341179 1.83258
0.342947 1.8357
0.344715 1.83864
0.346482 1.84557
0.34825 1.84848
0.350018 1.85094
0.351786 1.85341
0.353553 1.8575
0.355321 1.86245
0.357089 1.86484
0.358857 1.8632
0.360624 1.87125
0.362392 1.87726
0.36416 1.87116
0.365928 1.87949
0.367696 1.8817
0.369463 1.88567
0.371231 1.88747
0.372999 1.89061
0.374767 1.88978
0.376534 1.89361
0.378302 1.89955
0.38007 1.90412
0.381838 1.90957
0.383605 1.90399
0.385373 1.90567
0.387141 1.91239
0.388909 1.9149
0.390676 1.91418
0.392444 1.91768
0.394212 1.91657
0.39598 1.9246
0.397748 1.92346
0.399515 1.92402
0.401283 1.93319
0.403051 1.93045
0.404819 1.93839
0.406586 1.93005
0.408354 1.93501
0.410122 1.93744
0.41189 1.9423
0.413657 1.94627
0.415425 1.94405
0.417193 1.94606
0.418961 1.95023
0.420729 1.95145
0.422496 1.94977
0.424264 1.95344
0.426032 1.95591
0.4278 1.95462
0.429567 1.95663
0.431335 1.96166
0.433103 1.95567
0.434871 1.96212
0.436638 1.96246
0.438406 1.96208
0.440174 1.96247
0.441942 1.96494
0.443709 1.96295
0.445477 1.96348
0.447245 1.96578
0.449013 1.97007
0.450781 1.95995
0.452548 1.97266
0.454316 1.9704
0.456084 1.97037
0.457852 1.96892
0.459619 1.97005
0.461387 1.97142
0.463155 1.96916
0.464923 1.96901
0.46669 1.97144
0.468458 1.96951
0.470226 1.96817
0.471994 1.9689
0.473762 1.97659
0.475529 1.97276
0.477297 1.97232
0.479065 1.97241
0.480833 1.97493
0.4826 1.97134
0.484368 1.97253
0.486136 1.96819
0.487904 1.97076
0.489671 1.97247
0.491439 1.97033
0.493207 1.96823
0.494975 1.97083
0.496742 1.97187
0.49851 1.9681
0.500278 1.97407
0.502046 1.96854
0.503814 1.96816
0.505581 1.9666
0.507349 1.96495
0.509117 1.96367
0.510885 1.96166
0.512652 1.96426
0.51442 1.96088
0.516188 1.96363
0.517956 1.95196
0.519723 1.95783
0.521491 1.95618
0.523259 1.95836
0.525027 1.95638
0.526795 1.95278
0.528562 1.95361
0.53033 1.95332
0.532098 1.94829
0.533866 1.94977
0.535633 1.9451
0.537401 1.95016
0.539169 1.94662
0.540937 1.94181
0.542704 1.9417
0.544472 1.94194
0.54624 1.9428
0.548008 1.93744
0.549775 1.93759
0.551543 1.93252
0.553311 1.93159
0.555079 1.92781
0.556847 1.92602
0.558614 1.92417
0.560382 1.92162
0.56215 1.92278
0.563918 1.92016
0.565685 1.91528
0.567453 1.91329
0.569221 1.90649
0.570989 1.90647
0.572756 1.91067
0.574524 1.90408
0.576292 1.90241
0.57806 1.90308
0.579828 1.8981
0.581595 1.89705
0.583363 1.89287
0.585131 1.89041
0.586899 1.88894
0.588666 1.88389
0.590434 1.88477
0.592202 1.87813
0.59397 1.88015
0.595737 1.87475
0.597505 1.87167
0.599273 1.86969
0.601041 1.86702
0.602809 1.86463
0.604576 1.86077
0.606344 1.86012
0.608112 1.85395
0.60988 1.85267
0.611647 1.85099
0.613415 1.84801
0.615183 1.84057
0.616951 1.83435
0.618718 1.8341
0.620486 1.83046
0.622254 1.82959
0.624022 1.82973
0.625789 1.82341
0.627557 1.82168
0.629325 1.81669
0.631093 1.80694
0.632861 1.81204
0.634628 1.79963
0.636396 1.79716
0.638164 1.79621
0.639932 1.79389
0.641699 1.79166
0.643467 1.78551
0.645235 1.77891
0.647003 1.77821
0.64877 1.77548
0.650538 1.77014
0.652306 1.76701
0.654074 1.76043
0.655842 1.75764
0.657609 1.7504
0.659377 1.74238
0.661145 1.74375
0.662913 1.74223
0.66468 1.73418
0.666448 1.73149
0.668216 1.72715
0.669984 1.72117
0.671751 1.71764
0.673519 1.71139
0.675287 1.71098
0.677055 1.70351
0.678823 1.70093
0.68059 1.69395
0.682358 1.68577
0.684126 1.68496
0.685894 1.68084
0.687661 1.67543
0.689429 1.67302
0.691197 1.6705
0.692965 1.66724
0.694732 1.65972
0.6965 1.65066
0.698268 1.64465
0.700036 1.64554
0.701803 1.63402
0.703571 1.63606
0.705339 1.62725
0.707107 1.61722
0.708875 1.61844
0.710642 1.61131
0.71241 1.60691
0.714178 1.60245
0.715946 1.59732
0.717713 1.59269
0.719481 1.58999
0.721249 1.57798
0.723017 1.57492
0.724784 1.56839
0.726552 1.56647
0.72832 1.56152
0.730088 1.55529
0.731856 1.54812
0.733623 1.54469
0.735391 1.53623
0.737159 1.53046
0.738927 1.527
0.740694 1.51732
0.742462 1.51309
0.74423 1.50945
0.745998 1.50095
0.747765 1.4952
0.749533 1.48743
0.751301 1.48453
0.753069 1.47868
0.754836 1.46727
0.756604 1.46974
0.758372 1.46042
0.76014 1.45702
0.761908 1.44949
0.763675 1.44582
0.765443 1.43421
0.767211 1.42806
0.768979 1.4233
0.770746 1.41727
0.772514 1.41228
0.774282 1.39845
0.77605 1.3983
0.777817 1.39605
0.779585 1.38208
0.781353 1.37826
0.783121 1.37698
0.784889 1.37027
0.786656 1.35998
0.788424 1.35698
0.790192 1.34764
0.79196 1.34118
0.793727 1.33664
0.795495 1.33032
0.797263 1.32155
0.799031 1.31359
0.800798 1.3083
0.802566 1.3023
0.804334 1.29649
0.806102 1.28594
0.807869 1.28007
0.809637 1.27615
0.811405 1.26068
0.813173 1.26155
0.814941 1.25567
0.816708 1.24641
0.818476 1.24199
0.820244 1.23471
0.822012 1.22386
0.823779 1.22107
0.825547 1.21361
0.827315 1.20643
0.829083 1.19805
0.83085 1.19007
0.832618 1.18255
0.834386 1.17439
0.836154 1.1688
0.837922 1.16077
0.839689 1.15445
0.841457 1.14437
0.843225 1.14006
0.844993 1.13092
0.84676 1.12342
0.848528 1.11985
0.850296 1.10469
0.852064 1.10071
0.853831 1.09622
0.855599 1.08299
0.857367 1.07979
0.859135 1.07201
0.860902 1.06316
0.86267 1.05723
0.864438 1.04693
0.866206 1.04083
0.867974 1.03343
0.869741 1.02396
0.871509 1.01795
0.873277 1.00722
0.875045 1.00264
0.876812 0.991632
0.87858 0.984266
0.880348 0.977426
0.882116 0.97161
0.883883 0.96393
0.885651 0.952612
0.887419 0.945863
0.889187 0.939844
0.890954 0.928201
0.892722 0.921827
0.89449 0.911704
0.896258 0.908029
0.898026 0.897774
0.899793 0.889351
0.901561 0.884742
0.903329 0.873653
0.905097 0.863979
0.906864 0.858859
0.908632 0.848044
0.9104 0.842028
0.912168 0.830508
0.913935 0.822681
0.915703 0.817505
0.917471 0.808865
0.919239 0.800142
0.921007 0.790257
0.922774 0.781843
0.924542 0.774877
0.92631 0.764548
0.928078 0.759135
0.929845 0.748715
0.931613 0.741842
0.933381 0.728898
0.935149 0.721547
0.936916 0.715452
0.938684 0.70707
0.940452 0.698163
0.94222 0.688484
0.943988 0.680492
0.945755 0.67022
0.947523 0.662493
0.949291 0.655485
0.951059 0.646601
0.952826 0.63831
0.954594 0.627973
0.956362 0.619973
0.95813 0.612833
0.959897 0.601163
0.961665 0.592241
0.963433 0.585386
0.965201 0.575565
0.966968 0.568663
0.968736 0.557845
0.970504 0.549049
0.972272 0.541281
0.97404 0.528959
0.975807 0.521816
0.977575 0.514136
0.979343 0.503405
0.981111 0.495951
0.982878 0.487658
0.984646 0.47671
0.986414 0.468076
0.988182 0.458085
0.989949 0.448438
0.991717 0.440132
0.993485 0.430479
0.995253 0.421678
0.997021 0.409453
0.998788 0.399806
1.00056 0.39194
1.00232 0.38429
1.00409 0.377059
1.00586 0.371698
1.00763 0.361458
1.00939 0.356279
1.01116 0.351282
1.01293 0.343793
1.0147 0.33697
1.01647 0.330546
1.01823 0.325602
1.02 0.319824
1.02177 0.313457
1.02354 0.309091
1.0253 0.302526
1.02707 0.297086
1.02884 0.290516
1.03061 0.285525
1.03238 0.279909
1.03414 0.278414
1.03591 0.271774
1.03768 0.267825
1.03945 0.262734
1.04121 0.25831
1.04298 0.250521
1.04475 0.2491
1.04652 0.244949
1.04829 0.240207
1.05005 0.236714
1.05182 0.232413
1.05359 0.230058
1.05536 0.223456
1.05712 0.220253
1.05889 0.216028
1.06066 0.211639
1.06243 0.207317
1.0642 0.205039
1.06596 0.200559
1.06773 0.198049
1.0695 0.195644
1.07127 0.190231
1.07303 0.187031
1.0748 0.183402
1.07657 0.17982
1.07834 0.177137
1.08011 0.173091
1.08187 0.171107
1.08364 0.166336
1.08541 0.162974
1.08718 0.160696
1.08894 0.158277
1.09071 0.155077
1.09248 0.152129
1.09425 0.150107
1.09602 0.147065
1.09778 0.145283
1.09955 0.142112
1.10132 0.138598
1.10309 0.136226
1.10485 0.13533
1.10662 0.131898
1.10839 0.129424
1.11016 0.127662
1.11193 0.124057
1.11369 0.120566
1.11546 0.118717
1.11723 0.116835
1.119 0.114636
1.12076 0.111688
1.12253 0.110666
1.1243 0.108359
1.12607 0.105981
1.12784 0.103691
1.1296 0.10087
1.13137 0.0992754
1.13314 0.0962926
1.13491 0.0953091
1.13667 0.0926727
1.13844 0.0907468
1.14021 0.0895842
1.14198 0.0880722
1.14375 0.086343
1.14551 0.0840208
1.14728 0.0834542
1.14905 0.0806093
1.15082 0.0798196
1.15258 0.0772889
1.15435 0.0753512
1.15612 0.0738598
1.15789 0.0724007
1.15966 0.0709387
1.16142 0.0698348
1.16319 0.0677621
1.16496 0.0659155
1.16673 0.0647764
1.16849 0.0636226
1.17026 0.0616996
1.17203 0.0605047
1.1738 0.0588548
1.17557 0.0578771
1.17733 0.0560305
1.1791 0.0549384
1.18087 0.0533618
1.18264 0.0518998
1.1844 0.0515886
1.18617 0.0499122
1.18794 0.0482388
1.18971 0.0473962
1.19147 0.0463422
1.19324 0.0451092
1.19501 0.043791
1.19678 0.0426196
1.19855 0.0418739
1.20031 0.0411986
1.20208 0.0396397
1.20385 0.0380632
1.20562 0.0375259
1.20738 0.0365395
1.20915 0.0355706
1.21092 0.0353093
1.21269 0.0331251
1.21446 0.0326788
1.21622 0.0318392
1.21799 0.0311727
1.21976 0.0305738
1.22153 0.0292028
1.22329 0.02846
1.22506 0.0278963
1.22683 0.0269657
1.2286 0.0255653
1.23037 0.0254978
1.23213 0.0244585
1.2339 0.0238008
1.23567 0.0234896
1.23744 0.0224269
1.2392 0.0218837
1.24097 0.020727
1.24274 0.020589
1.24451 0.0196554
1.24628 0.0188951
1.24804 0.0185046
1.24981 0.0177794
1.25158 0.0173303
1.25335 0.0168635
1.25511 0.0163556
1.25688 0.0158359
1.25865 0.0152752
1.26042 0.0150168
1.26219 0.0141772
1.26395 0.0136693
1.26572 0.0130733
1.26749 0.0125859
1.26926 0.0121691
1.27102 0.0115613
1.27279 0.0112912
1.27456 0.0106835
1.27633 0.010343
1.2781 0.00992901
1.27986 0.00942698
1.28163 0.0092978
1.2834 0.00906587
1.28517 0.0083965
1.28693 0.00794144
1.2887 0.00783282
1.29047 0.00750694
1.29224 0.00713409
1.29401 0.00686399
1.29577 0.00687867
1.29754 0.00623572
1.29931 0.00595388
1.30108 0.00578067
1.30284 0.00538139
1.30461 0.0051524
1.30638 0.00497918
1.30815 0.00467386
1.30992 0.00454174
1.31168 0.00424816
1.31345 0.00377255
1.31522 0.00387237
1.31699 0.00359934
1.31875 0.00364925
1.32052 0.00308557
1.32229 0.0030063
1.32406 0.00283015
1.32583 0.00252189
1.32759 0.00230463
1.32936 0.00238684
1.33113 0.00222537
1.3329 0.00226647
1.33466 0.00201105
1.33643 0.00179967
1.3382 0.00157948
1.33997 0.0015237
1.34174 0.00151196
1.3435 0.00151489
1.34527 0.00126828
1.34704 0.00128296
1.34881 0.00103929
1.35057 0.00104809
1.35234 0.000918918
1.35411 0.000918918
1.35588 0.000801484
1.35765 0.000651756
1.35941 0.000531387
1.36118 0.000681115
1.36295 0.000502028
1.36472 0.000419825
1.36648 0.00040221
1.36825 0.00033175
1.37002 0.000325878
1.37179 0.000328814
1.37355 0.000223124
1.37532 0.00022606
1.37709 0.00019083
1.37886 0.000173215
1.38063 0.000132113
1.38239 0.000120369
1.38416 0.000126241
1.38593 7.63318e-005
1.3877 8.22035e-005
1.38946 5.87168e-005
1.39123 4.40376e-005
1.393 3.52301e-005
1.39477 2.34867e-005
1.39654 1.46792e-005
1.3983 1.46792e-005
1.40007 8.80752e-006
1.40184 5.87168e-006
1.40361 2.93584e-006
1.40537 2.93584e-006
1.40714 0
1.40891 0
1.41068 0
1.41245 0
