0 0.0075256
0.00176777 0.0241687
0.00353553 0.0424038
0.0053033 0.0558631
0.00707107 0.0687434
0.00883883 0.0813343
0.0106066 0.0985564
0.0123744 0.108108
0.0141421 0.127067
0.0159099 0.144723
0.0176777 0.164695
0.0194454 0.181772
0.0212132 0.19335
0.022981 0.209848
0.0247487 0.22982
0.0265165 0.231846
0.0282843 0.247766
0.030052 0.253989
0.0318198 0.277579
0.0335876 0.279171
0.0353553 0.303195
0.0371231 0.320996
0.0388909 0.343283
0.0406586 0.348783
0.0424264 0.354571
0.0441942 0.386555
0.0459619 0.3867
0.0477297 0.39712
0.0494975 0.411737
0.0512652 0.436774
0.053033 0.451825
0.0548008 0.463837
0.0565685 0.466732
0.0583363 0.484388
0.0601041 0.510583
0.0618718 0.517674
0.0636396 0.515214
0.0654074 0.543146
0.0671751 0.56442
0.0689429 0.565433
0.0707107 0.570353
0.0724784 0.594522
0.0742462 0.597996
0.076014 0.609718
0.0777817 0.634032
0.0795495 0.638663
0.0813173 0.653425
0.083085 0.649228
0.0848528 0.695539
0.0866206 0.705814
0.0883883 0.699302
0.0901561 0.725786
0.0919239 0.727523
0.0936916 0.742284
0.0954594 0.767322
0.0972272 0.775426
0.0989949 0.785122
0.100763 0.803068
0.10253 0.803358
0.104298 0.804515
0.106066 0.799161
0.107834 0.83621
0.109602 0.816093
0.111369 0.853721
0.113137 0.871956
0.114905 0.894244
0.116673 0.898296
0.11844 0.899164
0.120208 0.938239
0.121976 0.920873
0.123744 0.94316
0.125511 0.94316
0.127279 0.968342
0.129047 0.948804
0.130815 0.973262
0.132583 0.989327
0.13435 0.993234
0.136118 1.01596
0.137886 1.02363
0.139654 1.0313
0.141421 1.03578
0.143189 1.0724
0.144957 1.07327
0.146725 1.05865
0.148492 1.09497
0.15026 1.08209
0.152028 1.09338
0.153796 1.12855
0.155563 1.14577
0.157331 1.1313
0.159099 1.14056
0.160867 1.16705
0.162635 1.15388
0.164402 1.14071
0.16617 1.19469
0.167938 1.1847
0.169706 1.2135
0.171473 1.21307
0.173241 1.23651
0.175009 1.23753
0.176777 1.23695
0.178544 1.19787
0.180312 1.26097
0.18208 1.26604
0.183848 1.2999
0.185616 1.28934
0.187383 1.26937
0.189151 1.31336
0.190919 1.30395
0.192687 1.31235
0.194454 1.31481
0.196222 1.32552
0.19799 1.33825
0.199758 1.35837
0.201525 1.35605
0.203293 1.34998
0.205061 1.36242
0.206829 1.35446
0.208596 1.38457
0.210364 1.38992
0.212132 1.41785
0.2139 1.43146
0.215668 1.44173
0.217435 1.44043
0.219203 1.4452
0.220971 1.44839
0.222739 1.46836
0.224506 1.46243
0.226274 1.46315
0.228042 1.47748
0.22981 1.49108
0.231577 1.48746
0.233345 1.5002
0.235113 1.48761
0.236881 1.50903
0.238649 1.52466
0.240416 1.51554
0.242184 1.52104
0.243952 1.53204
0.24572 1.53204
0.247487 1.56373
0.249255 1.56677
0.251023 1.5756
0.252791 1.58284
0.254558 1.58385
0.256326 1.59514
0.258094 1.56315
0.259862 1.60614
0.261629 1.62032
0.263397 1.61221
0.265165 1.62466
0.266933 1.62133
0.268701 1.61048
0.270468 1.63088
0.272236 1.63928
0.274004 1.65476
0.275772 1.64999
0.277539 1.64362
0.279307 1.63884
0.281075 1.64565
0.282843 1.67763
0.28461 1.68342
0.286378 1.67097
0.288146 1.67879
0.289914 1.69094
0.291682 1.6675
0.293449 1.70643
0.295217 1.7319
0.296985 1.74174
0.298753 1.69355
0.30052 1.72452
0.302288 1.75477
0.304056 1.75289
0.305824 1.73349
0.307591 1.76316
0.309359 1.72886
0.311127 1.74087
0.312895 1.76157
0.314663 1.75202
0.31643 1.76692
0.318198 1.77966
0.319966 1.78299
0.321734 1.77503
0.323501 1.78632
0.325269 1.76736
0.327037 1.79399
0.328805 1.76041
0.330572 1.817
0.33234 1.78342
0.334108 1.78762
0.335876 1.81888
0.337643 1.80918
0.339411 1.80426
0.341179 1.83263
0.342947 1.81772
0.344715 1.83943
0.346482 1.84102
0.34825 1.8568
0.350018 1.87648
0.351786 1.82192
0.353553 1.83972
0.355321 1.86649
0.357089 1.84319
0.358857 1.84319
0.360624 1.85897
0.362392 1.8623
0.36416 1.87662
0.365928 1.86953
0.367696 1.89877
0.369463 1.87402
0.371231 1.86534
0.372999 1.90007
0.374767 1.88429
0.376534 1.90557
0.378302 1.86505
0.38007 1.92236
0.381838 1.89848
0.383605 1.89486
0.385373 1.89906
0.387141 1.91845
0.388909 1.90484
0.390676 1.91136
0.392444 1.91599
0.394212 1.93828
0.39598 1.92149
0.397748 1.95246
0.399515 1.92771
0.401283 1.95694
0.403051 1.93422
0.404819 1.92424
0.406586 1.92409
0.408354 1.94131
0.410122 1.92424
0.41189 1.96085
0.413657 1.94783
0.415425 1.91469
0.417193 1.96259
0.418961 1.9759
0.420729 1.93799
0.422496 1.94233
0.424264 1.94233
0.426032 1.98488
0.4278 1.95666
0.429567 1.94334
0.431335 1.9348
0.433103 1.92713
0.434871 1.94667
0.436638 1.94435
0.438406 1.95477
0.440174 1.93697
0.441942 1.94768
0.443709 1.97026
0.445477 1.96143
0.447245 1.96939
0.449013 1.97229
0.450781 1.95535
0.452548 1.9856
0.454316 1.9775
0.456084 1.97229
0.457852 1.94088
0.459619 1.96056
0.461387 1.94609
0.463155 1.95362
0.464923 1.97185
0.46669 1.97561
0.468458 1.94681
0.470226 1.98864
0.471994 1.97127
0.473762 2.00036
0.475529 1.98401
0.477297 1.917
0.479065 1.99009
0.480833 2.00224
0.4826 1.97648
0.484368 1.96476
0.486136 1.939
0.487904 1.99631
0.489671 1.95593
0.491439 1.94899
0.493207 1.98574
0.494975 2.0089
0.496742 1.95984
0.49851 1.97446
0.500278 1.95448
0.502046 1.97026
0.503814 1.961
0.505581 1.96954
0.507349 1.96794
0.509117 1.93943
0.510885 1.96331
0.512652 1.94855
0.51442 1.9335
0.516188 1.96635
0.517956 1.93364
0.519723 1.96317
0.521491 1.96244
0.523259 1.95058
0.525027 1.97446
0.526795 1.97229
0.528562 1.95796
0.53033 1.94652
0.532098 1.94942
0.533866 1.95145
0.535633 1.9377
0.537401 1.93654
0.539169 1.94334
0.540937 1.95752
0.542704 1.95289
0.544472 1.93683
0.54624 1.94899
0.548008 1.91425
0.549775 1.93234
0.551543 1.91686
0.553311 1.95116
0.555079 1.92786
0.556847 1.90441
0.558614 1.93958
0.560382 1.95955
0.56215 1.90846
0.563918 1.93885
0.565685 1.90513
0.567453 1.93336
0.569221 1.8937
0.570989 1.88111
0.572756 1.94855
0.574524 1.88618
0.576292 1.93408
0.57806 1.90499
0.579828 1.90325
0.581595 1.90861
0.583363 1.90325
0.585131 1.86041
0.586899 1.90673
0.588666 1.88589
0.590434 1.87373
0.592202 1.86418
0.59397 1.88386
0.595737 1.87112
0.597505 1.85636
0.599273 1.84015
0.601041 1.87793
0.602809 1.88777
0.604576 1.85868
0.606344 1.85795
0.608112 1.86837
0.60988 1.83625
0.611647 1.89906
0.613415 1.8607
0.615183 1.82467
0.616951 1.8581
0.618718 1.81975
0.620486 1.82973
0.622254 1.86562
0.624022 1.82742
0.625789 1.83118
0.627557 1.80947
0.629325 1.81844
0.631093 1.78834
0.632861 1.83871
0.634628 1.82047
0.636396 1.81396
0.638164 1.7759
0.639932 1.77966
0.641699 1.80962
0.643467 1.7743
0.645235 1.77069
0.647003 1.80614
0.64877 1.75621
0.650538 1.78718
0.652306 1.78255
0.654074 1.77879
0.655842 1.78704
0.657609 1.74985
0.659377 1.73364
0.661145 1.74768
0.662913 1.74449
0.66468 1.73885
0.666448 1.70686
0.668216 1.71526
0.669984 1.7238
0.671751 1.72206
0.673519 1.72973
0.675287 1.71164
0.677055 1.70585
0.678823 1.6785
0.68059 1.71902
0.682358 1.67792
0.684126 1.6565
0.685894 1.70223
0.687661 1.69051
0.689429 1.66895
0.691197 1.67445
0.692965 1.68848
0.694732 1.6662
0.6965 1.68298
0.698268 1.64883
0.700036 1.64333
0.701803 1.62408
0.703571 1.63725
0.705339 1.67155
0.707107 1.6523
0.708875 1.61858
0.710642 1.60541
0.71241 1.60035
0.714178 1.60035
0.715946 1.60903
0.717713 1.5853
0.719481 1.59036
0.721249 1.60252
0.723017 1.57589
0.724784 1.56894
0.726552 1.60035
0.72832 1.57488
0.730088 1.57256
0.731856 1.56981
0.733623 1.55302
0.735391 1.52133
0.737159 1.54637
0.738927 1.51438
0.740694 1.52046
0.742462 1.52437
0.74423 1.4973
0.745998 1.51583
0.747765 1.48978
0.749533 1.48703
0.751301 1.50237
0.753069 1.51236
0.754836 1.46214
0.756604 1.46503
0.758372 1.44723
0.76014 1.44926
0.761908 1.45678
0.763675 1.43884
0.765443 1.4083
0.767211 1.42407
0.768979 1.45056
0.770746 1.43348
0.772514 1.42552
0.774282 1.41163
0.77605 1.4274
0.777817 1.40164
0.779585 1.38659
0.781353 1.38485
0.783121 1.37226
0.784889 1.34911
0.786656 1.34332
0.788424 1.37646
0.790192 1.37009
0.79196 1.35273
0.793727 1.36532
0.795495 1.35273
0.797263 1.3138
0.799031 1.30251
0.800798 1.3232
0.802566 1.2918
0.804334 1.31032
0.806102 1.29643
0.807869 1.3067
0.809637 1.26937
0.811405 1.25403
0.813173 1.25562
0.814941 1.26966
0.816708 1.24838
0.818476 1.2711
0.820244 1.25345
0.822012 1.22653
0.823779 1.208
0.825547 1.24346
0.827315 1.20844
0.829083 1.21987
0.83085 1.19816
0.832618 1.21032
0.834386 1.16791
0.836154 1.18543
0.837922 1.17139
0.839689 1.14606
0.841457 1.15489
0.843225 1.14476
0.844993 1.12363
0.84676 1.14433
0.848528 1.13289
0.850296 1.12725
0.852064 1.09932
0.853831 1.12927
0.855599 1.11234
0.857367 1.0818
0.859135 1.0902
0.860902 1.05547
0.86267 1.07356
0.864438 1.05735
0.866206 1.04027
0.867974 1.03984
0.869741 1.02768
0.871509 1.00915
0.873277 1.02406
0.875045 1.01726
0.876812 0.988458
0.87858 0.996418
0.880348 0.967908
0.882116 0.966605
0.883883 0.966026
0.885651 0.949817
0.887419 0.95908
0.889187 0.946778
0.890954 0.915518
0.892722 0.91986
0.89449 0.923622
0.896258 0.915518
0.898026 0.885126
0.899793 0.887007
0.901561 0.897428
0.903329 0.856181
0.905097 0.865154
0.906864 0.84142
0.908632 0.847932
0.9104 0.840407
0.912168 0.847643
0.913935 0.831434
0.915703 0.836354
0.917471 0.800174
0.919239 0.799016
0.921007 0.800897
0.922774 0.792938
0.924542 0.778755
0.92631 0.767177
0.928078 0.755599
0.929845 0.749231
0.931613 0.736206
0.933381 0.720142
0.935149 0.738666
0.936916 0.727667
0.938684 0.732299
0.940452 0.705525
0.94222 0.672962
0.943988 0.690184
0.945755 0.664713
0.947523 0.66616
0.949291 0.659503
0.951059 0.641557
0.952826 0.64011
0.954594 0.637505
0.956362 0.604653
0.95813 0.604653
0.959897 0.594667
0.961665 0.588154
0.963433 0.578313
0.965201 0.581787
0.966968 0.567314
0.968736 0.554579
0.970504 0.550671
0.972272 0.544593
0.97404 0.532436
0.975807 0.518398
0.977575 0.50928
0.979343 0.511162
0.981111 0.477441
0.982878 0.479323
0.984646 0.471073
0.986414 0.466153
0.988182 0.472231
0.989949 0.442274
0.991717 0.449365
0.993485 0.415789
0.995253 0.423025
0.997021 0.400014
0.998788 0.381779
1.00056 0.390607
1.00232 0.389305
1.00409 0.382648
1.00586 0.373096
1.00763 0.370636
1.00939 0.348638
1.01116 0.340389
1.01293 0.345743
1.0147 0.332284
1.01647 0.336047
1.01823 0.319983
1.02 0.311155
1.02177 0.302616
1.02354 0.301748
1.0253 0.297406
1.02707 0.298998
1.02884 0.285683
1.03061 0.279605
1.03238 0.282499
1.03414 0.280184
1.03591 0.269619
1.03768 0.259199
1.03945 0.267882
1.04121 0.256883
1.04298 0.252397
1.04475 0.238793
1.04652 0.231412
1.04829 0.238214
1.05005 0.23228
1.05182 0.232715
1.05359 0.223597
1.05536 0.223308
1.05712 0.211151
1.05889 0.214624
1.06066 0.205073
1.06243 0.20377
1.0642 0.196679
1.06596 0.20131
1.06773 0.197547
1.0695 0.195666
1.07127 0.190311
1.07303 0.193929
1.0748 0.179457
1.07657 0.173378
1.07834 0.176417
1.08011 0.169471
1.08187 0.165997
1.08364 0.166287
1.08541 0.163248
1.08718 0.164261
1.08894 0.15413
1.09071 0.148631
1.09248 0.15167
1.09425 0.154564
1.09602 0.144434
1.09778 0.141539
1.09955 0.147473
1.10132 0.140092
1.10309 0.132132
1.10485 0.131987
1.10662 0.126488
1.10839 0.123738
1.11016 0.126054
1.11193 0.115923
1.11369 0.114042
1.11546 0.119397
1.11723 0.118239
1.119 0.114042
1.12076 0.111147
1.12253 0.106516
1.1243 0.104345
1.12607 0.102319
1.12784 0.100583
1.1296 0.100438
1.13137 0.0934911
1.13314 0.103188
1.13491 0.0969644
1.13667 0.0874127
1.13844 0.0888599
1.14021 0.0862549
1.14198 0.0816238
1.14375 0.0874127
1.14551 0.0836499
1.14728 0.0806107
1.14905 0.0823474
1.15082 0.076269
1.15258 0.0788741
1.15435 0.0784399
1.15612 0.071059
1.15789 0.0681646
1.15966 0.0693223
1.16142 0.0693223
1.16319 0.0672962
1.16496 0.0604942
1.16673 0.0626651
1.16849 0.0554289
1.17026 0.0615073
1.17203 0.0554289
1.1738 0.0528239
1.17557 0.0536922
1.17733 0.051232
1.1791 0.05485
1.18087 0.0506531
1.18264 0.0519556
1.1844 0.052245
1.18617 0.0523897
1.18794 0.0457325
1.18971 0.0476139
1.19147 0.0432722
1.19324 0.0447194
1.19501 0.0457325
1.19678 0.0382069
1.19855 0.040233
1.20031 0.0393647
1.20208 0.0367597
1.20385 0.0363255
1.20562 0.0363255
1.20738 0.0357466
1.20915 0.036036
1.21092 0.0348783
1.21269 0.0303918
1.21446 0.0322732
1.21622 0.0331416
1.21799 0.0296682
1.21976 0.0301024
1.22153 0.0250371
1.22329 0.0263396
1.22506 0.0277868
1.22683 0.0253265
1.2286 0.023011
1.23037 0.0237346
1.23213 0.0234451
1.2339 0.0225768
1.23567 0.0233004
1.23744 0.0202612
1.2392 0.0208401
1.24097 0.0185245
1.24274 0.0201165
1.24451 0.0179457
1.24628 0.0185245
1.24804 0.0186693
1.24981 0.016209
1.25158 0.0128804
1.25335 0.0170773
1.25511 0.0149065
1.25688 0.0137487
1.25865 0.0133145
1.26042 0.0149065
1.26219 0.0114331
1.26395 0.0114331
1.26572 0.00998589
1.26749 0.012012
1.26926 0.0105648
1.27102 0.0114331
1.27279 0.010999
1.27456 0.00998589
1.27633 0.00882811
1.2781 0.00955172
1.27986 0.00926227
1.28163 0.00853866
1.2834 0.00955172
1.28517 0.00911755
1.28693 0.00665726
1.2887 0.00622309
1.29047 0.00882811
1.29224 0.00622309
1.29401 0.00578892
1.29577 0.00781504
1.29754 0.00636781
1.29931 0.00578892
1.30108 0.00434169
1.30284 0.00651254
1.30461 0.00636781
1.30638 0.00492058
1.30815 0.00463114
1.30992 0.00535475
1.31168 0.00361808
1.31345 0.00361808
1.31522 0.00477586
1.31699 0.00361808
1.31875 0.0037628
1.32052 0.00274974
1.32229 0.00246029
1.32406 0.00274974
1.32583 0.00246029
1.32759 0.00231557
1.32936 0.00231557
1.33113 0.00231557
1.3329 0.0037628
1.33466 0.00202612
1.33643 0.00130251
1.3382 0.000868338
1.33997 0.00115778
1.34174 0.000578892
1.3435 0.00173668
1.34527 0.00246029
1.34704 0.000868338
1.34881 0.00130251
1.35057 0.00144723
1.35234 0.00101306
1.35411 0.00144723
1.35588 0.000434169
1.35765 0.000434169
1.35941 0.000144723
1.36118 0.000434169
1.36295 0.000289446
1.36472 0.000289446
1.36648 0
1.36825 0.000434169
1.37002 0.000144723
1.37179 0.000723615
1.37355 0
1.37532 0.000144723
1.37709 0.000434169
1.37886 0.000144723
1.38063 0.000144723
1.38239 0.000144723
1.38416 0
1.38593 0
1.3877 0.000144723
1.38946 0
1.39123 0
1.393 0
1.39477 0
1.39654 0
1.3983 0
1.40007 0
1.40184 0
1.40361 0
1.40537 0
1.40714 0
1.40891 0
1.41068 0
1.41245 0
