0 2.00159
0.00125 1.99676
0.0025 1.99152
0.00375 1.99089
0.005 1.98994
0.00625 1.98733
0.0075 1.98379
0.00875 1.9865
0.01 1.98266
0.01125 1.9761
0.0125 1.97717
0.01375 1.97357
0.015 1.96871
0.01625 1.97029
0.0175 1.9616
0.01875 1.96743
0.02 1.95857
0.02125 1.95505
0.0225 1.95499
0.02375 1.95505
0.025 1.95146
0.02625 1.94996
0.0275 1.94076
0.02875 1.94571
0.03 1.93922
0.03125 1.93954
0.0325 1.9295
0.03375 1.92948
0.035 1.93573
0.03625 1.92247
0.0375 1.92258
0.03875 1.91767
0.04 1.92084
0.04125 1.9192
0.0425 1.91811
0.04375 1.91643
0.045 1.91036
0.04625 1.90717
0.0475 1.90495
0.04875 1.90336
0.05 1.90363
0.05125 1.90275
0.0525 1.89595
0.05375 1.8927
0.055 1.89284
0.05625 1.88268
0.0575 1.88719
0.05875 1.87688
0.06 1.88444
0.06125 1.88297
0.0625 1.87382
0.06375 1.87506
0.065 1.87603
0.06625 1.86848
0.0675 1.86443
0.06875 1.86246
0.07 1.86027
0.07125 1.85742
0.0725 1.85745
0.07375 1.85084
0.075 1.85435
0.07625 1.85547
0.0775 1.85292
0.07875 1.84518
0.08 1.84745
0.08125 1.83935
0.0825 1.8376
0.08375 1.8348
0.085 1.83459
0.08625 1.83003
0.0875 1.82297
0.08875 1.82568
0.09 1.82232
0.09125 1.82067
0.0925 1.81481
0.09375 1.81466
0.095 1.80953
0.09625 1.80619
0.0975 1.8068
0.09875 1.80222
0.1 1.80062
0.10125 1.79877
0.1025 1.79868
0.10375 1.79079
0.105 1.78781
0.10625 1.79104
0.1075 1.78883
0.10875 1.77302
0.11 1.78103
0.11125 1.77009
0.1125 1.77314
0.11375 1.77128
0.115 1.77217
0.11625 1.76602
0.1175 1.76525
0.11875 1.76248
0.12 1.76469
0.12125 1.75218
0.1225 1.75282
0.12375 1.75053
0.125 1.74652
0.12625 1.74268
0.1275 1.7433
0.12875 1.73789
0.13 1.73982
0.13125 1.72967
0.1325 1.73039
0.13375 1.73392
0.135 1.72632
0.13625 1.71936
0.1375 1.72337
0.13875 1.72185
0.14 1.71594
0.14125 1.71455
0.1425 1.71216
0.14375 1.71409
0.145 1.7053
0.14625 1.70885
0.1475 1.70176
0.14875 1.69663
0.15 1.69802
0.15125 1.69693
0.1525 1.6935
0.15375 1.68945
0.155 1.68882
0.15625 1.69178
0.1575 1.68612
0.15875 1.67884
0.16 1.68144
0.16125 1.67773
0.1625 1.672
0.16375 1.67061
0.165 1.67213
0.16625 1.66716
0.1675 1.66888
0.16875 1.66482
0.17 1.65693
0.17125 1.65914
0.1725 1.65873
0.17375 1.65547
0.175 1.64727
0.17625 1.64269
0.1775 1.64171
0.17875 1.64138
0.18 1.63664
0.18125 1.63626
0.1825 1.63343
0.18375 1.6318
0.185 1.63363
0.18625 1.62709
0.1875 1.62604
0.18875 1.62437
0.19 1.61459
0.19125 1.61578
0.1925 1.60927
0.19375 1.61362
0.195 1.6114
0.19625 1.60969
0.1975 1.60888
0.19875 1.59793
0.2 1.60062
0.20125 1.59318
0.2025 1.59537
0.20375 1.58976
0.205 1.58854
0.20625 1.58716
0.2075 1.58328
0.20875 1.5842
0.21 1.5822
0.21125 1.577
0.2125 1.57438
0.21375 1.57283
0.215 1.57292
0.21625 1.56659
0.2175 1.56097
0.21875 1.56445
0.22 1.56004
0.22125 1.5538
0.2225 1.55381
0.22375 1.55264
0.225 1.54379
0.22625 1.54427
0.2275 1.53848
0.22875 1.53909
0.23 1.53876
0.23125 1.5401
0.2325 1.53326
0.23375 1.53216
0.235 1.53259
0.23625 1.52908
0.2375 1.52463
0.23875 1.52091
0.24 1.52358
0.24125 1.51366
0.2425 1.51243
0.24375 1.50725
0.245 1.50948
0.24625 1.50182
0.2475 1.50098
0.24875 1.50059
0.25 1.49759
0.25125 1.494
0.2525 1.49205
0.25375 1.48957
0.255 1.49406
0.25625 1.48711
0.2575 1.48827
0.25875 1.48223
0.26 1.47815
0.26125 1.47639
0.2625 1.46973
0.26375 1.47443
0.265 1.47134
0.26625 1.4644
0.2675 1.4661
0.26875 1.45901
0.27 1.46401
0.27125 1.46107
0.2725 1.45464
0.27375 1.45285
0.275 1.45152
0.27625 1.44592
0.2775 1.44707
0.27875 1.44116
0.28 1.43855
0.28125 1.43697
0.2825 1.43396
0.28375 1.43043
0.285 1.42413
0.28625 1.42599
0.2875 1.42515
0.28875 1.41984
0.29 1.41679
0.29125 1.408
0.2925 1.41195
0.29375 1.41542
0.295 1.41364
0.29625 1.40728
0.2975 1.40438
0.29875 1.39993
0.3 1.39771
0.30125 1.39913
0.3025 1.39291
0.30375 1.39013
0.305 1.3892
0.30625 1.38608
0.3075 1.38318
0.30875 1.38479
0.31 1.37648
0.31125 1.37782
0.3125 1.36964
0.31375 1.37728
0.315 1.37073
0.31625 1.36613
0.3175 1.36561
0.31875 1.36301
0.32 1.36035
0.32125 1.36157
0.3225 1.35557
0.32375 1.3522
0.325 1.34875
0.32625 1.34717
0.3275 1.34493
0.32875 1.34335
0.33 1.33606
0.33125 1.34026
0.3325 1.33442
0.33375 1.3287
0.335 1.33237
0.33625 1.33018
0.3375 1.31851
0.33875 1.31415
0.34 1.31921
0.34125 1.31836
0.3425 1.31035
0.34375 1.30819
0.345 1.30199
0.34625 1.30333
0.3475 1.30095
0.34875 1.29584
0.35 1.29199
0.35125 1.29553
0.3525 1.28888
0.35375 1.28943
0.355 1.28742
0.35625 1.28156
0.3575 1.27711
0.35875 1.27787
0.36 1.27642
0.36125 1.27426
0.3625 1.27355
0.36375 1.27045
0.365 1.26605
0.36625 1.2652
0.3675 1.26726
0.36875 1.25875
0.37 1.25779
0.37125 1.25733
0.3725 1.25476
0.37375 1.25795
0.375 1.24947
0.37625 1.24659
0.3775 1.24306
0.37875 1.24048
0.38 1.24154
0.38125 1.2363
0.3825 1.23565
0.38375 1.23016
0.385 1.22968
0.38625 1.22514
0.3875 1.2254
0.38875 1.2214
0.39 1.22335
0.39125 1.21906
0.3925 1.21313
0.39375 1.21308
0.395 1.21054
0.39625 1.20367
0.3975 1.19888
0.39875 1.19289
0.4 1.20179
0.40125 1.19838
0.4025 1.19913
0.40375 1.19043
0.405 1.19171
0.40625 1.19031
0.4075 1.18251
0.40875 1.18598
0.41 1.18077
0.41125 1.17491
0.4125 1.17308
0.41375 1.17044
0.415 1.17218
0.41625 1.16634
0.4175 1.16811
0.41875 1.16219
0.42 1.15838
0.42125 1.15833
0.4225 1.15455
0.42375 1.15355
0.425 1.14957
0.42625 1.14452
0.4275 1.14789
0.42875 1.14046
0.43 1.13481
0.43125 1.13849
0.4325 1.13652
0.43375 1.13146
0.435 1.13106
0.43625 1.12846
0.4375 1.12298
0.43875 1.12208
0.44 1.12392
0.44125 1.11583
0.4425 1.11683
0.44375 1.11215
0.445 1.10927
0.44625 1.10591
0.4475 1.10575
0.44875 1.10383
0.45 1.09552
0.45125 1.09774
0.4525 1.09474
0.45375 1.09261
0.455 1.0891
0.45625 1.08168
0.4575 1.08385
0.45875 1.0803
0.46 1.07867
0.46125 1.07817
0.4625 1.07709
0.46375 1.07573
0.465 1.07251
0.46625 1.06967
0.4675 1.06331
0.46875 1.0647
0.47 1.06397
0.47125 1.06189
0.4725 1.05442
0.47375 1.05325
0.475 1.05351
0.47625 1.04694
0.4775 1.04697
0.47875 1.03906
0.48 1.0389
0.48125 1.03705
0.4825 1.03404
0.48375 1.02926
0.485 1.02787
0.48625 1.02805
0.4875 1.02603
0.48875 1.01872
0.49 1.01882
0.49125 1.01687
0.4925 1.01211
0.49375 1.01095
0.495 1.00492
0.49625 1.00678
0.4975 1.00347
0.49875 0.996298
0.5 0.999687
0.50125 0.995028
0.5025 0.990079
0.50375 0.98765
0.505 0.989729
0.50625 0.986015
0.5075 0.98371
0.50875 0.977252
0.51 0.976397
0.51125 0.978931
0.5125 0.973583
0.51375 0.970518
0.515 0.968959
0.51625 0.965824
0.5175 0.96397
0.51875 0.96182
0.52 0.960036
0.52125 0.955337
0.5225 0.951143
0.52375 0.949388
0.525 0.950368
0.52625 0.94384
0.5275 0.946569
0.52875 0.94304
0.53 0.940335
0.53125 0.934077
0.5325 0.930373
0.53375 0.930333
0.535 0.928873
0.53625 0.922259
0.5375 0.92059
0.53875 0.91943
0.54 0.915111
0.54125 0.914641
0.5425 0.911822
0.54375 0.911407
0.545 0.910312
0.54625 0.905293
0.5475 0.905598
0.54875 0.895855
0.55 0.895905
0.55125 0.89612
0.5525 0.896225
0.55375 0.890342
0.555 0.886383
0.55625 0.885813
0.5575 0.880874
0.55875 0.880514
0.56 0.880534
0.56125 0.876485
0.5625 0.87475
0.56375 0.871511
0.565 0.869227
0.56625 0.865562
0.5675 0.862528
0.56875 0.860898
0.57 0.861353
0.57125 0.856469
0.5725 0.856429
0.57375 0.85274
0.575 0.843417
0.57625 0.847077
0.5775 0.840533
0.57875 0.838389
0.58 0.841558
0.58125 0.834005
0.5825 0.829041
0.58375 0.826606
0.585 0.829446
0.58625 0.824487
0.5875 0.824262
0.58875 0.818643
0.59 0.815164
0.59125 0.810625
0.5925 0.815454
0.59375 0.810605
0.595 0.80904
0.59625 0.807646
0.5975 0.806046
0.59875 0.802902
0.6 0.801542
0.60125 0.796153
0.6025 0.790769
0.60375 0.78923
0.605 0.7904
0.60625 0.786585
0.6075 0.778597
0.60875 0.779527
0.61 0.776148
0.61125 0.775068
0.6125 0.773333
0.61375 0.76648
0.615 0.766695
0.61625 0.766535
0.6175 0.761211
0.61875 0.755627
0.62 0.760766
0.62125 0.754653
0.6225 0.754053
0.62375 0.750604
0.625 0.748134
0.62625 0.747664
0.6275 0.743265
0.62875 0.74279
0.63 0.739971
0.63125 0.736887
0.6325 0.734807
0.63375 0.730968
0.635 0.728364
0.63625 0.726604
0.6375 0.726874
0.63875 0.726944
0.64 0.723185
0.64125 0.717176
0.6425 0.720446
0.64375 0.714522
0.645 0.713857
0.64625 0.712502
0.6475 0.708493
0.64875 0.708483
0.65 0.705294
0.65125 0.69903
0.6525 0.695616
0.65375 0.690892
0.655 0.692242
0.65625 0.686118
0.6575 0.689603
0.65875 0.682409
0.66 0.679895
0.66125 0.67831
0.6625 0.678435
0.66375 0.672441
0.665 0.669532
0.66625 0.668887
0.6675 0.662234
0.66875 0.660019
0.67 0.659939
0.67125 0.65853
0.6725 0.65669
0.67375 0.651111
0.675 0.649167
0.67625 0.644193
0.6775 0.645238
0.67875 0.639954
0.68 0.636295
0.68125 0.63569
0.6825 0.63529
0.68375 0.63317
0.685 0.627817
0.68625 0.629746
0.6875 0.622648
0.68875 0.624372
0.69 0.620093
0.69125 0.618154
0.6925 0.61251
0.69375 0.610116
0.695 0.607116
0.69625 0.602917
0.6975 0.602347
0.69875 0.598943
0.7 0.596314
0.70125 0.593899
0.7025 0.593005
0.70375 0.589855
0.705 0.585341
0.70625 0.584826
0.7075 0.584042
0.70875 0.579533
0.71 0.579163
0.71125 0.576753
0.7125 0.571659
0.71375 0.572189
0.715 0.567026
0.71625 0.562946
0.7175 0.562712
0.71875 0.558328
0.72 0.557583
0.72125 0.553304
0.7225 0.552224
0.72375 0.550204
0.725 0.546
0.72625 0.543511
0.7275 0.543901
0.72875 0.538652
0.73 0.537382
0.73125 0.534983
0.7325 0.533563
0.73375 0.530059
0.735 0.530754
0.73625 0.527245
0.7375 0.52625
0.73875 0.521576
0.74 0.516162
0.74125 0.516622
0.7425 0.516127
0.74375 0.511513
0.745 0.512708
0.74625 0.506419
0.7475 0.502325
0.74875 0.501995
0.75 0.499726
0.75125 0.496237
0.7525 0.496522
0.75375 0.491828
0.755 0.489328
0.75625 0.485614
0.7575 0.482055
0.75875 0.48273
0.76 0.476201
0.76125 0.473097
0.7625 0.475561
0.76375 0.469213
0.765 0.471787
0.76625 0.466973
0.7675 0.462689
0.76875 0.463634
0.77 0.45815
0.77125 0.456451
0.7725 0.452627
0.77375 0.450022
0.775 0.445998
0.77625 0.445443
0.7775 0.443059
0.77875 0.442029
0.78 0.43664
0.78125 0.435021
0.7825 0.433096
0.78375 0.427962
0.785 0.429287
0.78625 0.425323
0.7875 0.421099
0.78875 0.422269
0.79 0.419339
0.79125 0.41599
0.7925 0.413646
0.79375 0.411726
0.795 0.408717
0.79625 0.406852
0.7975 0.405482
0.79875 0.403718
0.8 0.400234
0.80125 0.39434
0.8025 0.391406
0.80375 0.388461
0.805 0.386987
0.80625 0.384547
0.8075 0.383472
0.80875 0.380113
0.81 0.376669
0.81125 0.375454
0.8125 0.372035
0.81375 0.370081
0.815 0.367736
0.81625 0.364852
0.8175 0.359273
0.81875 0.361542
0.82 0.356749
0.82125 0.353599
0.8225 0.35185
0.82375 0.34904
0.825 0.347846
0.82625 0.343961
0.8275 0.343287
0.82875 0.338918
0.83 0.336958
0.83125 0.336258
0.8325 0.333799
0.83375 0.32753
0.835 0.32849
0.83625 0.324966
0.8375 0.322621
0.83875 0.317932
0.84 0.316668
0.84125 0.315398
0.8425 0.312899
0.84375 0.308645
0.845 0.309619
0.84625 0.305885
0.8475 0.301346
0.84875 0.304495
0.85 0.297172
0.85125 0.295578
0.8525 0.293168
0.85375 0.293498
0.855 0.288399
0.85625 0.289869
0.8575 0.284395
0.85875 0.282865
0.86 0.282366
0.86125 0.278646
0.8625 0.275627
0.86375 0.271518
0.865 0.269893
0.86625 0.265719
0.8675 0.266369
0.86875 0.263655
0.87 0.26439
0.87125 0.257691
0.8725 0.256751
0.87375 0.251713
0.875 0.249563
0.87625 0.248253
0.8775 0.245879
0.87875 0.241915
0.88 0.24004
0.88125 0.236471
0.8825 0.233397
0.88375 0.230577
0.885 0.229368
0.88625 0.224689
0.8875 0.224664
0.88875 0.22024
0.89 0.216631
0.89125 0.213661
0.8925 0.212022
0.89375 0.209562
0.895 0.208292
0.89625 0.203748
0.8975 0.201419
0.89875 0.200019
0.9 0.19623
0.90125 0.1952
0.9025 0.194391
0.90375 0.190242
0.905 0.185798
0.90625 0.185548
0.9075 0.181234
0.90875 0.176645
0.91 0.17577
0.91125 0.17306
0.9125 0.168077
0.91375 0.165367
0.915 0.165662
0.91625 0.162818
0.9175 0.159659
0.91875 0.156749
0.92 0.15422
0.92125 0.153215
0.9225 0.150021
0.92375 0.149341
0.925 0.144107
0.92625 0.142737
0.9275 0.142298
0.92875 0.138328
0.93 0.135129
0.93125 0.13315
0.9325 0.13248
0.93375 0.12999
0.935 0.126751
0.93625 0.123147
0.9375 0.121342
0.93875 0.120403
0.94 0.116883
0.94125 0.114249
0.9425 0.110735
0.94375 0.109515
0.945 0.106876
0.94625 0.103716
0.9475 0.102257
0.94875 0.0999172
0.95 0.0966729
0.95125 0.0939985
0.9525 0.0908043
0.95375 0.0883048
0.955 0.0842808
0.95625 0.083001
0.9575 0.0792319
0.95875 0.0790669
0.96 0.0765075
0.96125 0.0753628
0.9625 0.0715637
0.96375 0.0696841
0.965 0.0667448
0.96625 0.0643453
0.9675 0.0621358
0.96875 0.0596664
0.97 0.0552974
0.97125 0.0537777
0.9725 0.0512283
0.97375 0.0497786
0.975 0.0465044
0.97625 0.0450447
0.9775 0.0422354
0.97875 0.039611
0.98 0.0375664
0.98125 0.0359618
0.9825 0.0324776
0.98375 0.030618
0.985 0.0285385
0.98625 0.0252042
0.9875 0.0228248
0.98875 0.0202654
0.99 0.017706
0.99125 0.0149666
0.9925 0.0127671
0.99375 0.00981276
0.995 0.00771324
0.99625 0.00498386
0.9975 0.0030493
0.99875 0.00113974
