0 1.99766
0.00125 1.99476
0.0025 1.99345
0.00375 1.99496
0.005 1.9896
0.00625 1.98934
0.0075 1.98317
0.00875 1.9843
0.01 1.97072
0.01125 1.97758
0.0125 1.96994
0.01375 1.96881
0.015 1.96717
0.01625 1.97014
0.0175 1.96535
0.01875 1.9626
0.02 1.95447
0.02125 1.95452
0.0225 1.95481
0.02375 1.94872
0.025 1.94859
0.02625 1.9459
0.0275 1.93833
0.02875 1.94028
0.03 1.93742
0.03125 1.93703
0.0325 1.93567
0.03375 1.93045
0.035 1.9305
0.03625 1.92605
0.0375 1.92849
0.03875 1.91765
0.04 1.91828
0.04125 1.91382
0.0425 1.91492
0.04375 1.91054
0.045 1.90825
0.04625 1.90939
0.0475 1.90111
0.04875 1.89561
0.05 1.89987
0.05125 1.89988
0.0525 1.89169
0.05375 1.88865
0.055 1.88533
0.05625 1.88717
0.0575 1.88359
0.05875 1.87572
0.06 1.87918
0.06125 1.86708
0.0625 1.87185
0.06375 1.87261
0.065 1.86593
0.06625 1.85494
0.0675 1.85808
0.06875 1.85523
0.07 1.8555
0.07125 1.85411
0.0725 1.85124
0.07375 1.84915
0.075 1.84842
0.07625 1.84258
0.0775 1.83952
0.07875 1.84055
0.08 1.8406
0.08125 1.83255
0.0825 1.82559
0.08375 1.82965
0.085 1.82968
0.08625 1.82543
0.0875 1.81783
0.08875 1.81918
0.09 1.82102
0.09125 1.81417
0.0925 1.81166
0.09375 1.81395
0.095 1.80959
0.09625 1.8011
0.0975 1.80821
0.09875 1.79825
0.1 1.80238
0.10125 1.78851
0.1025 1.78882
0.10375 1.79217
0.105 1.79103
0.10625 1.78771
0.1075 1.78533
0.10875 1.78411
0.11 1.77987
0.11125 1.76953
0.1125 1.7739
0.11375 1.7689
0.115 1.77062
0.11625 1.76786
0.1175 1.76626
0.11875 1.76268
0.12 1.75658
0.12125 1.75246
0.1225 1.74997
0.12375 1.75274
0.125 1.75018
0.12625 1.7469
0.1275 1.74428
0.12875 1.74145
0.13 1.73928
0.13125 1.73659
0.1325 1.72653
0.13375 1.73042
0.135 1.72471
0.13625 1.72544
0.1375 1.72518
0.13875 1.72363
0.14 1.71588
0.14125 1.71921
0.1425 1.71203
0.14375 1.71187
0.145 1.70587
0.14625 1.70328
0.1475 1.70372
0.14875 1.69669
0.15 1.70412
0.15125 1.69586
0.1525 1.69147
0.15375 1.69238
0.155 1.68894
0.15625 1.69041
0.1575 1.68528
0.15875 1.68289
0.16 1.68152
0.16125 1.67557
0.1625 1.67249
0.16375 1.6697
0.165 1.67132
0.16625 1.67053
0.1675 1.66581
0.16875 1.66006
0.17 1.66055
0.17125 1.65793
0.1725 1.65089
0.17375 1.65775
0.175 1.64865
0.17625 1.64826
0.1775 1.64425
0.17875 1.6424
0.18 1.64235
0.18125 1.6377
0.1825 1.63189
0.18375 1.63548
0.185 1.62291
0.18625 1.62598
0.1875 1.62201
0.18875 1.62264
0.19 1.62229
0.19125 1.62318
0.1925 1.61297
0.19375 1.61092
0.195 1.60827
0.19625 1.60863
0.1975 1.6023
0.19875 1.59788
0.2 1.6007
0.20125 1.59883
0.2025 1.59782
0.20375 1.59212
0.205 1.59004
0.20625 1.58959
0.2075 1.58713
0.20875 1.58245
0.21 1.58328
0.21125 1.57715
0.2125 1.57244
0.21375 1.57256
0.215 1.57011
0.21625 1.57025
0.2175 1.56687
0.21875 1.56749
0.22 1.5639
0.22125 1.5581
0.2225 1.55392
0.22375 1.55085
0.225 1.54939
0.22625 1.54653
0.2275 1.54128
0.22875 1.54029
0.23 1.53718
0.23125 1.53807
0.2325 1.53282
0.23375 1.52987
0.235 1.53441
0.23625 1.53316
0.2375 1.52484
0.23875 1.51975
0.24 1.52243
0.24125 1.51463
0.2425 1.51306
0.24375 1.51283
0.245 1.50907
0.24625 1.50793
0.2475 1.50767
0.24875 1.5033
0.25 1.50184
0.25125 1.49632
0.2525 1.4956
0.25375 1.49747
0.255 1.48853
0.25625 1.49116
0.2575 1.48923
0.25875 1.48247
0.26 1.48119
0.26125 1.47473
0.2625 1.47849
0.26375 1.46822
0.265 1.47418
0.26625 1.46856
0.2675 1.46865
0.26875 1.46287
0.27 1.46234
0.27125 1.45724
0.2725 1.45544
0.27375 1.45474
0.275 1.44853
0.27625 1.44733
0.2775 1.44602
0.27875 1.44035
0.28 1.43988
0.28125 1.44123
0.2825 1.43863
0.28375 1.43757
0.285 1.43177
0.28625 1.42928
0.2875 1.4299
0.28875 1.42598
0.29 1.42297
0.29125 1.41637
0.2925 1.4172
0.29375 1.42007
0.295 1.41399
0.29625 1.41251
0.2975 1.41059
0.29875 1.40282
0.3 1.40394
0.30125 1.39999
0.3025 1.39472
0.30375 1.39205
0.305 1.39291
0.30625 1.38715
0.3075 1.38669
0.30875 1.38247
0.31 1.38206
0.31125 1.37895
0.3125 1.37778
0.31375 1.37447
0.315 1.37041
0.31625 1.36928
0.3175 1.37068
0.31875 1.36624
0.32 1.36631
0.32125 1.35814
0.3225 1.35497
0.32375 1.35849
0.325 1.35203
0.32625 1.34966
0.3275 1.34428
0.32875 1.34545
0.33 1.33787
0.33125 1.33826
0.3325 1.33787
0.33375 1.3374
0.335 1.33389
0.33625 1.3293
0.3375 1.3253
0.33875 1.32094
0.34 1.3189
0.34125 1.32172
0.3425 1.3113
0.34375 1.31622
0.345 1.31016
0.34625 1.3085
0.3475 1.30369
0.34875 1.30199
0.35 1.30178
0.35125 1.2965
0.3525 1.29618
0.35375 1.2931
0.355 1.28911
0.35625 1.29239
0.3575 1.2867
0.35875 1.28386
0.36 1.27499
0.36125 1.28305
0.3625 1.27779
0.36375 1.27041
0.365 1.27148
0.36625 1.26707
0.3675 1.26715
0.36875 1.26069
0.37 1.2605
0.37125 1.25919
0.3725 1.25845
0.37375 1.25341
0.375 1.25017
0.37625 1.25067
0.3775 1.24652
0.37875 1.24442
0.38 1.24148
0.38125 1.24027
0.3825 1.23469
0.38375 1.23113
0.385 1.23553
0.38625 1.2276
0.3875 1.22247
0.38875 1.22751
0.39 1.22278
0.39125 1.22079
0.3925 1.2145
0.39375 1.21508
0.395 1.21255
0.39625 1.20833
0.3975 1.20462
0.39875 1.20466
0.4 1.19679
0.40125 1.1945
0.4025 1.1971
0.40375 1.19044
0.405 1.18929
0.40625 1.18981
0.4075 1.18685
0.40875 1.1825
0.41 1.18166
0.41125 1.18315
0.4125 1.17166
0.41375 1.17274
0.415 1.16624
0.41625 1.16943
0.4175 1.17102
0.41875 1.16307
0.42 1.16083
0.42125 1.15581
0.4225 1.15431
0.42375 1.15684
0.425 1.14927
0.42625 1.14791
0.4275 1.14626
0.42875 1.1456
0.43 1.14121
0.43125 1.13672
0.4325 1.13628
0.43375 1.13387
0.435 1.12895
0.43625 1.12888
0.4375 1.12649
0.43875 1.12294
0.44 1.11936
0.44125 1.11571
0.4425 1.11711
0.44375 1.11558
0.445 1.10924
0.44625 1.10887
0.4475 1.10444
0.44875 1.10255
0.45 1.10289
0.45125 1.09743
0.4525 1.09575
0.45375 1.09144
0.455 1.08663
0.45625 1.0878
0.4575 1.08313
0.45875 1.08491
0.46 1.08215
0.46125 1.0795
0.4625 1.07514
0.46375 1.07851
0.465 1.07444
0.46625 1.06679
0.4675 1.06702
0.46875 1.06353
0.47 1.06011
0.47125 1.05841
0.4725 1.05461
0.47375 1.05283
0.475 1.05702
0.47625 1.04243
0.4775 1.04683
0.47875 1.04097
0.48 1.03895
0.48125 1.03406
0.4825 1.03276
0.48375 1.03249
0.485 1.03064
0.48625 1.03302
0.4875 1.02067
0.48875 1.02135
0.49 1.02045
0.49125 1.01489
0.4925 1.01242
0.49375 1.01135
0.495 1.00844
0.49625 1.00999
0.4975 1.00041
0.49875 1.00264
0.5 1.00091
0.50125 0.99832
0.5025 0.992267
0.50375 0.990024
0.505 0.98477
0.50625 0.988175
0.5075 0.984635
0.50875 0.984341
0.51 0.97875
0.51125 0.975676
0.5125 0.975441
0.51375 0.968626
0.515 0.970192
0.51625 0.96514
0.5175 0.961679
0.51875 0.95792
0.52 0.956275
0.52125 0.95493
0.5225 0.952896
0.52375 0.94922
0.525 0.948232
0.52625 0.945629
0.5275 0.940895
0.52875 0.936876
0.53 0.935694
0.53125 0.935978
0.5325 0.929704
0.53375 0.929441
0.535 0.928477
0.53625 0.928815
0.5375 0.917509
0.53875 0.918761
0.54 0.917733
0.54125 0.916738
0.5425 0.909181
0.54375 0.908152
0.545 0.902933
0.54625 0.903832
0.5475 0.898171
0.54875 0.900239
0.55 0.896267
0.55125 0.890855
0.5525 0.891466
0.55375 0.890297
0.555 0.885653
0.55625 0.884358
0.5575 0.883745
0.55875 0.877718
0.56 0.873584
0.56125 0.876317
0.5625 0.872219
0.56375 0.86854
0.565 0.86824
0.56625 0.86701
0.5675 0.860358
0.56875 0.859556
0.57 0.859592
0.57125 0.8541
0.5725 0.854981
0.57375 0.849632
0.575 0.846606
0.57625 0.844285
0.5775 0.839796
0.57875 0.83875
0.58 0.836335
0.58125 0.835078
0.5825 0.830692
0.58375 0.833964
0.585 0.827556
0.58625 0.82508
0.5875 0.824536
0.58875 0.814909
0.59 0.814543
0.59125 0.813124
0.5925 0.811683
0.59375 0.812025
0.595 0.807517
0.59625 0.804643
0.5975 0.802655
0.59875 0.799834
0.6 0.796138
0.60125 0.794742
0.6025 0.790754
0.60375 0.78556
0.605 0.787916
0.60625 0.784937
0.6075 0.781823
0.60875 0.776619
0.61 0.778928
0.61125 0.772681
0.6125 0.769973
0.61375 0.768
0.615 0.768157
0.61625 0.766098
0.6175 0.758277
0.61875 0.75715
0.62 0.758307
0.62125 0.752322
0.6225 0.749984
0.62375 0.748344
0.625 0.747386
0.62625 0.740101
0.6275 0.738682
0.62875 0.737443
0.63 0.736294
0.63125 0.735729
0.6325 0.733392
0.63375 0.72858
0.635 0.728731
0.63625 0.723621
0.6375 0.720793
0.63875 0.720316
0.64 0.715094
0.64125 0.717346
0.6425 0.71023
0.64375 0.708626
0.645 0.706845
0.64625 0.703256
0.6475 0.703354
0.64875 0.695688
0.65 0.697033
0.65125 0.690797
0.6525 0.691488
0.65375 0.691861
0.655 0.686643
0.65625 0.683231
0.6575 0.681759
0.65875 0.679102
0.66 0.677751
0.66125 0.676516
0.6625 0.67238
0.66375 0.668713
0.665 0.6641
0.66625 0.666572
0.6675 0.660558
0.66875 0.659267
0.67 0.656439
0.67125 0.654481
0.6725 0.651737
0.67375 0.647379
0.675 0.645491
0.67625 0.642872
0.6775 0.641123
0.67875 0.638302
0.68 0.63755
0.68125 0.639386
0.6825 0.631836
0.68375 0.623358
0.685 0.626349
0.68625 0.623773
0.6875 0.622116
0.68875 0.618415
0.69 0.615915
0.69125 0.612094
0.6925 0.611444
0.69375 0.60895
0.695 0.610048
0.69625 0.600068
0.6975 0.59987
0.69875 0.598447
0.7 0.594868
0.70125 0.593741
0.7025 0.592009
0.70375 0.58838
0.705 0.58698
0.70625 0.586148
0.7075 0.584046
0.70875 0.577056
0.71 0.578178
0.71125 0.574461
0.7125 0.570682
0.71375 0.568574
0.715 0.567702
0.71625 0.567028
0.7175 0.559739
0.71875 0.561026
0.72 0.557297
0.72125 0.552351
0.7225 0.553378
0.72375 0.546755
0.725 0.547304
0.72625 0.547806
0.7275 0.541125
0.72875 0.538726
0.73 0.535262
0.73125 0.535156
0.7325 0.533896
0.73375 0.532528
0.735 0.527621
0.73625 0.525959
0.7375 0.520682
0.73875 0.519749
0.74 0.518667
0.74125 0.514154
0.7425 0.510568
0.74375 0.508626
0.745 0.505336
0.74625 0.501331
0.7475 0.501358
0.74875 0.498033
0.75 0.497648
0.75125 0.494262
0.7525 0.489751
0.75375 0.487419
0.755 0.487751
0.75625 0.482675
0.7575 0.482019
0.75875 0.481357
0.76 0.476852
0.76125 0.473133
0.7625 0.472023
0.76375 0.468361
0.765 0.465149
0.76625 0.464734
0.7675 0.463729
0.76875 0.458573
0.77 0.457134
0.77125 0.452211
0.7725 0.453779
0.77375 0.449399
0.775 0.446383
0.77625 0.444122
0.7775 0.441111
0.77875 0.439542
0.78 0.437164
0.78125 0.436264
0.7825 0.430161
0.78375 0.427322
0.785 0.429909
0.78625 0.426061
0.7875 0.420984
0.78875 0.418788
0.79 0.416682
0.79125 0.414684
0.7925 0.413078
0.79375 0.412311
0.795 0.406385
0.79625 0.405814
0.7975 0.401618
0.79875 0.399221
0.8 0.397099
0.80125 0.396567
0.8025 0.391066
0.80375 0.390472
0.805 0.387708
0.80625 0.384777
0.8075 0.382948
0.80875 0.381897
0.81 0.380332
0.81125 0.376491
0.8125 0.373412
0.81375 0.370147
0.815 0.364523
0.81625 0.364236
0.8175 0.364644
0.81875 0.360698
0.82 0.356894
0.82125 0.354247
0.8225 0.352677
0.82375 0.350443
0.825 0.347539
0.82625 0.34572
0.8275 0.34202
0.82875 0.338796
0.83 0.338783
0.83125 0.335219
0.8325 0.331229
0.83375 0.327925
0.835 0.328821
0.83625 0.326127
0.8375 0.3233
0.83875 0.319274
0.84 0.318832
0.84125 0.315098
0.8425 0.312833
0.84375 0.312416
0.845 0.308851
0.84625 0.30723
0.8475 0.304543
0.84875 0.299351
0.85 0.297419
0.85125 0.296478
0.8525 0.294345
0.85375 0.291523
0.855 0.289747
0.85625 0.287319
0.8575 0.285341
0.85875 0.280539
0.86 0.278574
0.86125 0.277643
0.8625 0.274977
0.86375 0.270739
0.865 0.269046
0.86625 0.26684
0.8675 0.263117
0.86875 0.261336
0.87 0.258168
0.87125 0.25774
0.8725 0.253765
0.87375 0.251485
0.875 0.249632
0.87625 0.246527
0.8775 0.2421
0.87875 0.240719
0.88 0.239964
0.88125 0.238388
0.8825 0.232575
0.88375 0.228402
0.885 0.229536
0.88625 0.224879
0.8875 0.222876
0.88875 0.220736
0.89 0.218685
0.89125 0.216256
0.8925 0.213924
0.89375 0.211035
0.895 0.211471
0.89625 0.207539
0.8975 0.202216
0.89875 0.199931
0.9 0.198287
0.90125 0.196527
0.9025 0.195359
0.90375 0.189214
0.905 0.188657
0.90625 0.187779
0.9075 0.185167
0.90875 0.18338
0.91 0.179365
0.91125 0.178777
0.9125 0.174685
0.91375 0.171641
0.915 0.168737
0.91625 0.168357
0.9175 0.16574
0.91875 0.162248
0.92 0.157951
0.92125 0.157127
0.9225 0.155723
0.92375 0.151253
0.925 0.149711
0.92625 0.148937
0.9275 0.145177
0.92875 0.143448
0.93 0.140975
0.93125 0.135286
0.9325 0.137321
0.93375 0.133756
0.935 0.130539
0.93625 0.12805
0.9375 0.123212
0.93875 0.121917
0.94 0.121147
0.94125 0.117982
0.9425 0.114977
0.94375 0.11418
0.945 0.110695
0.94625 0.108491
0.9475 0.105622
0.94875 0.102678
0.95 0.10044
0.95125 0.0991179
0.9525 0.0946864
0.95375 0.0928808
0.955 0.0902739
0.95625 0.0876193
0.9575 0.084102
0.95875 0.0833468
0.96 0.0796649
0.96125 0.0766848
0.9625 0.073516
0.96375 0.0712356
0.965 0.0681993
0.96625 0.0667788
0.9675 0.0643776
0.96875 0.0618654
0.97 0.0605388
0.97125 0.0583138
0.9725 0.0547908
0.97375 0.0527128
0.975 0.0496746
0.97625 0.0469226
0.9775 0.0446054
0.97875 0.041943
0.98 0.0392522
0.98125 0.0359084
0.9825 0.033403
0.98375 0.0314445
0.985 0.0285488
0.98625 0.025698
0.9875 0.0236294
0.98875 0.0213999
0.99 0.018916
0.99125 0.0167528
0.9925 0.0137972
0.99375 0.011133
0.995 0.00869193
0.99625 0.00639287
0.9975 0.00397283
0.99875 0.00127162
