0 0.00754828
0.00176777 0.0239345
0.00353553 0.039446
0.0053033 0.0548675
0.00707107 0.0689343
0.00883883 0.0857454
0.0106066 0.100832
0.0123744 0.116338
0.0141421 0.131865
0.0159099 0.147131
0.0176777 0.160358
0.0194454 0.175375
0.0212132 0.192611
0.022981 0.206063
0.0247487 0.221779
0.0265165 0.235246
0.0282843 0.248798
0.030052 0.265594
0.0318198 0.278541
0.0335876 0.293198
0.0353553 0.307625
0.0371231 0.322646
0.0388909 0.340062
0.0406586 0.350135
0.0424264 0.360923
0.0441942 0.380048
0.0459619 0.39216
0.0477297 0.405997
0.0494975 0.419479
0.0512652 0.434496
0.053033 0.448013
0.0548008 0.45963
0.0565685 0.472187
0.0583363 0.488463
0.0601041 0.501491
0.0618718 0.515097
0.0636396 0.527355
0.0654074 0.540472
0.0671751 0.552234
0.0689429 0.566896
0.0707107 0.577383
0.0724784 0.592355
0.0742462 0.604882
0.076014 0.619808
0.0777817 0.63379
0.0795495 0.645148
0.0813173 0.65483
0.083085 0.673016
0.0848528 0.681479
0.0866206 0.695371
0.0883883 0.706209
0.0901561 0.718241
0.0919239 0.731058
0.0936916 0.742331
0.0954594 0.755023
0.0972272 0.76508
0.0989949 0.777672
0.100763 0.790884
0.10253 0.799727
0.104298 0.813404
0.106066 0.826976
0.107834 0.835714
0.109602 0.847601
0.111369 0.858614
0.113137 0.869431
0.114905 0.879074
0.116673 0.888922
0.11844 0.902829
0.120208 0.915986
0.121976 0.927168
0.123744 0.932872
0.125511 0.951028
0.127279 0.956137
0.129047 0.972498
0.130815 0.977932
0.132583 0.98724
0.13435 1.00272
0.136118 1.01247
0.137886 1.02024
0.139654 1.03113
0.141421 1.03964
0.143189 1.05236
0.144957 1.06121
0.146725 1.07167
0.148492 1.08445
0.15026 1.09199
0.152028 1.10167
0.153796 1.11631
0.155563 1.12171
0.157331 1.12933
0.159099 1.13826
0.160867 1.15169
0.162635 1.16474
0.164402 1.17467
0.16617 1.17764
0.167938 1.18727
0.169706 1.2048
0.171473 1.21248
0.173241 1.21549
0.175009 1.22609
0.176777 1.23525
0.178544 1.24314
0.180312 1.25604
0.18208 1.2634
0.183848 1.2701
0.185616 1.27885
0.187383 1.29031
0.189151 1.30257
0.190919 1.30742
0.192687 1.31349
0.194454 1.32375
0.196222 1.33465
0.19799 1.34022
0.199758 1.35397
0.201525 1.35505
0.203293 1.36661
0.205061 1.37331
0.206829 1.38307
0.208596 1.3905
0.210364 1.39915
0.212132 1.40685
0.2139 1.41092
0.215668 1.42316
0.217435 1.43133
0.219203 1.4373
0.220971 1.45041
0.222739 1.45219
0.224506 1.45841
0.226274 1.46933
0.228042 1.47346
0.22981 1.48322
0.231577 1.48909
0.233345 1.49782
0.235113 1.50427
0.236881 1.51173
0.238649 1.51981
0.240416 1.5216
0.242184 1.5317
0.243952 1.53604
0.24572 1.54646
0.247487 1.54594
0.249255 1.55773
0.251023 1.56342
0.252791 1.57245
0.254558 1.57942
0.256326 1.584
0.258094 1.59306
0.259862 1.59753
0.261629 1.60163
0.263397 1.61303
0.265165 1.61772
0.266933 1.62625
0.268701 1.62849
0.270468 1.63861
0.272236 1.64247
0.274004 1.65114
0.275772 1.65151
0.277539 1.65823
0.279307 1.66885
0.281075 1.67216
0.282843 1.6799
0.28461 1.67958
0.286378 1.68839
0.288146 1.69105
0.289914 1.69676
0.291682 1.7006
0.293449 1.70813
0.295217 1.71912
0.296985 1.72466
0.298753 1.72784
0.30052 1.73376
0.302288 1.73294
0.304056 1.73796
0.305824 1.74269
0.307591 1.74936
0.309359 1.75133
0.311127 1.75928
0.312895 1.76773
0.314663 1.76832
0.31643 1.77409
0.318198 1.78069
0.319966 1.78045
0.321734 1.78806
0.323501 1.79258
0.325269 1.79807
0.327037 1.80042
0.328805 1.80565
0.330572 1.80809
0.33234 1.81645
0.334108 1.81239
0.335876 1.8209
0.337643 1.82156
0.339411 1.82907
0.341179 1.83078
0.342947 1.83955
0.344715 1.84254
0.346482 1.84399
0.34825 1.84767
0.350018 1.84811
0.351786 1.85206
0.353553 1.85694
0.355321 1.86043
0.357089 1.86816
0.358857 1.87117
0.360624 1.87266
0.362392 1.87073
0.36416 1.88094
0.365928 1.87767
0.367696 1.88806
0.369463 1.8877
0.371231 1.88641
0.372999 1.89141
0.374767 1.89827
0.376534 1.89913
0.378302 1.90179
0.38007 1.90202
0.381838 1.90638
0.383605 1.91189
0.385373 1.91357
0.387141 1.91237
0.388909 1.92166
0.390676 1.91978
0.392444 1.91795
0.394212 1.92859
0.39598 1.92102
0.397748 1.92307
0.399515 1.93005
0.401283 1.93107
0.403051 1.93922
0.404819 1.9387
0.406586 1.93578
0.408354 1.94073
0.410122 1.94015
0.41189 1.94728
0.413657 1.94682
0.415425 1.94659
0.417193 1.95559
0.418961 1.95088
0.420729 1.95358
0.422496 1.95978
0.424264 1.95418
0.426032 1.95693
0.4278 1.95552
0.429567 1.95246
0.431335 1.96043
0.433103 1.96029
0.434871 1.96295
0.436638 1.95975
0.438406 1.96556
0.440174 1.96135
0.441942 1.96608
0.443709 1.97035
0.445477 1.96731
0.447245 1.97112
0.449013 1.97253
0.450781 1.97392
0.452548 1.9719
0.454316 1.96824
0.456084 1.97689
0.457852 1.97612
0.459619 1.97042
0.461387 1.97761
0.463155 1.9738
0.464923 1.97362
0.46669 1.97949
0.468458 1.97313
0.470226 1.97746
0.471994 1.97552
0.473762 1.97618
0.475529 1.9752
0.477297 1.97714
0.479065 1.97956
0.480833 1.97366
0.4826 1.97036
0.484368 1.97915
0.486136 1.97566
0.487904 1.97454
0.489671 1.96975
0.491439 1.97004
0.493207 1.97747
0.494975 1.97144
0.496742 1.9753
0.49851 1.96744
0.500278 1.9735
0.502046 1.97254
0.503814 1.96779
0.505581 1.97089
0.507349 1.9698
0.509117 1.9646
0.510885 1.96443
0.512652 1.96735
0.51442 1.97014
0.516188 1.96529
0.517956 1.96325
0.519723 1.9675
0.521491 1.9589
0.523259 1.96119
0.525027 1.95729
0.526795 1.958
0.528562 1.95827
0.53033 1.96082
0.532098 1.95346
0.533866 1.9535
0.535633 1.95397
0.537401 1.94894
0.539169 1.95129
0.540937 1.95013
0.542704 1.94554
0.544472 1.93894
0.54624 1.94532
0.548008 1.94277
0.549775 1.93479
0.551543 1.93911
0.553311 1.93468
0.555079 1.93126
0.556847 1.93314
0.558614 1.92527
0.560382 1.92847
0.56215 1.9247
0.563918 1.91496
0.565685 1.91857
0.567453 1.91067
0.569221 1.91126
0.570989 1.92081
0.572756 1.9086
0.574524 1.91004
0.576292 1.90622
0.57806 1.90363
0.579828 1.89553
0.581595 1.89545
0.583363 1.8978
0.585131 1.89275
0.586899 1.88535
0.588666 1.88344
0.590434 1.88423
0.592202 1.88181
0.59397 1.88002
0.595737 1.87491
0.597505 1.87017
0.599273 1.86842
0.601041 1.86327
0.602809 1.86445
0.604576 1.85602
0.606344 1.86233
0.608112 1.85471
0.60988 1.8505
0.611647 1.84847
0.613415 1.84509
0.615183 1.83741
0.616951 1.84001
0.618718 1.83165
0.620486 1.82689
0.622254 1.82289
0.624022 1.82654
0.625789 1.81829
0.627557 1.81636
0.629325 1.81141
0.631093 1.80725
0.632861 1.80534
0.634628 1.80328
0.636396 1.80026
0.638164 1.79373
0.639932 1.79257
0.641699 1.7921
0.643467 1.78438
0.645235 1.77804
0.647003 1.77893
0.64877 1.77276
0.650538 1.7709
0.652306 1.76414
0.654074 1.7608
0.655842 1.75511
0.657609 1.75279
0.659377 1.74484
0.661145 1.74371
0.662913 1.74267
0.66468 1.73335
0.666448 1.72985
0.668216 1.71894
0.669984 1.72294
0.671751 1.71304
0.673519 1.71166
0.675287 1.70623
0.677055 1.70551
0.678823 1.69341
0.68059 1.69004
0.682358 1.6847
0.684126 1.6881
0.685894 1.67359
0.687661 1.67337
0.689429 1.66805
0.691197 1.66012
0.692965 1.65905
0.694732 1.65403
0.6965 1.64975
0.698268 1.6404
0.700036 1.63573
0.701803 1.6343
0.703571 1.62525
0.705339 1.62425
0.707107 1.61492
0.708875 1.6116
0.710642 1.60515
0.71241 1.60174
0.714178 1.59409
0.715946 1.5905
0.717713 1.58608
0.719481 1.57978
0.721249 1.5747
0.723017 1.57207
0.724784 1.56078
0.726552 1.55782
0.72832 1.55305
0.730088 1.54936
0.731856 1.53594
0.733623 1.53966
0.735391 1.53532
0.737159 1.52751
0.738927 1.52006
0.740694 1.51193
0.742462 1.51008
0.74423 1.50216
0.745998 1.49844
0.747765 1.4894
0.749533 1.4836
0.751301 1.47518
0.753069 1.47125
0.754836 1.46416
0.756604 1.46102
0.758372 1.452
0.76014 1.4499
0.761908 1.44729
0.763675 1.43843
0.765443 1.43406
0.767211 1.42968
0.768979 1.42293
0.770746 1.41169
0.772514 1.4065
0.774282 1.40421
0.77605 1.39344
0.777817 1.39319
0.779585 1.39076
0.781353 1.37789
0.783121 1.37033
0.784889 1.37024
0.786656 1.35924
0.788424 1.35294
0.790192 1.34571
0.79196 1.33868
0.793727 1.33464
0.795495 1.32512
0.797263 1.31796
0.799031 1.3126
0.800798 1.30591
0.802566 1.29954
0.804334 1.29184
0.806102 1.28063
0.807869 1.27542
0.809637 1.26931
0.811405 1.25882
0.813173 1.25928
0.814941 1.25047
0.816708 1.24455
0.818476 1.23815
0.820244 1.23319
0.822012 1.22234
0.823779 1.21846
0.825547 1.20884
0.827315 1.20184
0.829083 1.19489
0.83085 1.18856
0.832618 1.18143
0.834386 1.17194
0.836154 1.17117
0.837922 1.15396
0.839689 1.15521
0.841457 1.14402
0.843225 1.13704
0.844993 1.13096
0.84676 1.1264
0.848528 1.11765
0.850296 1.10779
0.852064 1.10321
0.853831 1.09722
0.855599 1.08921
0.857367 1.08149
0.859135 1.07961
0.860902 1.06956
0.86267 1.06226
0.864438 1.05021
0.866206 1.0435
0.867974 1.03754
0.869741 1.02539
0.871509 1.02115
0.873277 1.01267
0.875045 1.00574
0.876812 0.999512
0.87858 0.990734
0.880348 0.98398
0.882116 0.972118
0.883883 0.96454
0.885651 0.957881
0.887419 0.954112
0.889187 0.939945
0.890954 0.931677
0.892722 0.929078
0.89449 0.916546
0.896258 0.909472
0.898026 0.902579
0.899793 0.894271
0.901561 0.889512
0.903329 0.878289
0.905097 0.868482
0.906864 0.862208
0.908632 0.846282
0.9104 0.842843
0.912168 0.833335
0.913935 0.824167
0.915703 0.818158
0.917471 0.807801
0.919239 0.803931
0.921007 0.794284
0.922774 0.787435
0.924542 0.780512
0.92631 0.768914
0.928078 0.759317
0.929845 0.752888
0.931613 0.737642
0.933381 0.735092
0.935149 0.726139
0.936916 0.718086
0.938684 0.709318
0.940452 0.69921
0.94222 0.692762
0.943988 0.67954
0.945755 0.675311
0.947523 0.665193
0.949291 0.657425
0.951059 0.645353
0.952826 0.636305
0.954594 0.629746
0.956362 0.625857
0.95813 0.61188
0.959897 0.603397
0.961665 0.594609
0.963433 0.585681
0.965201 0.575684
0.966968 0.563106
0.968736 0.559422
0.970504 0.54593
0.972272 0.538457
0.97404 0.529309
0.975807 0.519981
0.977575 0.509949
0.979343 0.501945
0.981111 0.493717
0.982878 0.484674
0.984646 0.474017
0.986414 0.463584
0.988182 0.455741
0.989949 0.447473
0.991717 0.436395
0.993485 0.427087
0.995253 0.420459
0.997021 0.409786
0.998788 0.400928
1.00056 0.390441
1.00232 0.382398
1.00409 0.376014
1.00586 0.367581
1.00763 0.361677
1.00939 0.355714
1.01116 0.34977
1.01293 0.344181
1.0147 0.336673
1.01647 0.331924
1.01823 0.324396
1.02 0.317822
1.02177 0.312069
1.02354 0.306705
1.0253 0.302791
1.02707 0.297832
1.02884 0.289264
1.03061 0.28678
1.03238 0.279541
1.03414 0.277577
1.03591 0.268919
1.03768 0.267059
1.03945 0.262285
1.04121 0.257941
1.04298 0.252487
1.04475 0.249913
1.04652 0.241945
1.04829 0.239415
1.05005 0.235126
1.05182 0.230777
1.05359 0.224979
1.05536 0.223109
1.05712 0.221409
1.05889 0.212921
1.06066 0.210347
1.06243 0.207003
1.0642 0.204468
1.06596 0.199329
1.06773 0.19616
1.0695 0.192281
1.07127 0.188382
1.07303 0.186852
1.0748 0.180704
1.07657 0.180884
1.07834 0.176285
1.08011 0.174165
1.08187 0.171516
1.08364 0.166822
1.08541 0.162753
1.08718 0.161148
1.08894 0.157529
1.09071 0.155165
1.09248 0.15139
1.09425 0.149006
1.09602 0.148116
1.09778 0.143722
1.09955 0.140318
1.10132 0.136914
1.10309 0.134584
1.10485 0.133105
1.10662 0.130445
1.10839 0.128286
1.11016 0.125296
1.11193 0.122697
1.11369 0.120642
1.11546 0.117458
1.11723 0.116413
1.119 0.114074
1.12076 0.109995
1.12253 0.10821
1.1243 0.105636
1.12607 0.105076
1.12784 0.101987
1.1296 0.0996922
1.13137 0.0977227
1.13314 0.096473
1.13491 0.0946534
1.13667 0.0933187
1.13844 0.0903894
1.14021 0.0888747
1.14198 0.0867502
1.14375 0.0841358
1.14551 0.0827461
1.14728 0.0824612
1.14905 0.0792019
1.15082 0.0777572
1.15258 0.0762026
1.15435 0.074568
1.15612 0.0726934
1.15789 0.0709838
1.15966 0.0688793
1.16142 0.0674046
1.16319 0.0666348
1.16496 0.0653451
1.16673 0.0625607
1.16849 0.0619559
1.17026 0.061451
1.17203 0.0593764
1.1738 0.0575569
1.17557 0.0563671
1.17733 0.0553574
1.1791 0.0544726
1.18087 0.0518532
1.18264 0.0509934
1.1844 0.0495937
1.18617 0.0494587
1.18794 0.0475891
1.18971 0.0462294
1.19147 0.0460945
1.19324 0.0446298
1.19501 0.0433501
1.19678 0.0423903
1.19855 0.0410006
1.20031 0.0396909
1.20208 0.039571
1.20385 0.0378064
1.20562 0.0371165
1.20738 0.0357218
1.20915 0.0345871
1.21092 0.0340122
1.21269 0.0326425
1.21446 0.0317378
1.21622 0.0314078
1.21799 0.0301931
1.21976 0.0300531
1.22153 0.0282735
1.22329 0.0274587
1.22506 0.0273088
1.22683 0.0259841
1.2286 0.026184
1.23037 0.0253292
1.23213 0.0237746
1.2339 0.0232097
1.23567 0.0233447
1.23744 0.022005
1.2392 0.0210152
1.24097 0.0203254
1.24274 0.0196055
1.24451 0.0194456
1.24628 0.0185908
1.24804 0.0185108
1.24981 0.0179709
1.25158 0.0172461
1.25335 0.0163913
1.25511 0.0158714
1.25688 0.0151365
1.25865 0.0144017
1.26042 0.0144167
1.26219 0.0135669
1.26395 0.0128821
1.26572 0.0127321
1.26749 0.0122972
1.26926 0.0121372
1.27102 0.0114074
1.27279 0.0107276
1.27456 0.0107725
1.27633 0.00993273
1.2781 0.0096278
1.27986 0.00914291
1.28163 0.00893796
1.2834 0.00840808
1.28517 0.00794819
1.28693 0.00794319
1.2887 0.00765825
1.29047 0.00724335
1.29224 0.00675846
1.29401 0.00642853
1.29577 0.00640354
1.29754 0.00590365
1.29931 0.00580867
1.30108 0.0052388
1.30284 0.0052438
1.30461 0.00509884
1.30638 0.00503885
1.30815 0.00448398
1.30992 0.00416905
1.31168 0.00405907
1.31345 0.00385412
1.31522 0.00354919
1.31699 0.0034842
1.31875 0.00330425
1.32052 0.0030693
1.32229 0.0030493
1.32406 0.0026344
1.32583 0.00243444
1.32759 0.00251443
1.32936 0.00240445
1.33113 0.00211452
1.3329 0.00199454
1.33466 0.00188457
1.33643 0.00166462
1.3382 0.00156464
1.33997 0.00139968
1.34174 0.00150466
1.3435 0.00146966
1.34527 0.00118473
1.34704 0.00105976
1.34881 0.000954782
1.35057 0.00091979
1.35234 0.000719836
1.35411 0.000629856
1.35588 0.000659849
1.35765 0.00065485
1.35941 0.000594864
1.36118 0.000564871
1.36295 0.000519881
1.36472 0.000434901
1.36648 0.000364917
1.36825 0.000319927
1.37002 0.000259941
1.37179 0.000234946
1.37355 0.00021995
1.37532 0.000184958
1.37709 0.000209952
1.37886 0.000189957
1.38063 0.000119973
1.38239 0.00012997
1.38416 6.49852e-005
1.38593 5.49874e-005
1.3877 4.99886e-005
1.38946 4.49897e-005
1.39123 3.4992e-005
1.393 2.99932e-005
1.39477 2.99932e-005
1.39654 9.99772e-006
1.3983 1.49966e-005
1.40007 0
1.40184 1.49966e-005
1.40361 4.99886e-006
1.40537 0
1.40714 4.99886e-006
1.40891 0
1.41068 0
1.41245 0
