0 1.99617
0.00125 1.99387
0.0025 1.99394
0.00375 1.98941
0.005 1.98819
0.00625 1.98399
0.0075 1.98046
0.00875 1.97983
0.01 1.97518
0.01125 1.97691
0.0125 1.97275
0.01375 1.96877
0.015 1.96828
0.01625 1.9645
0.0175 1.96436
0.01875 1.96222
0.02 1.95895
0.02125 1.95839
0.0225 1.95237
0.02375 1.9544
0.025 1.94833
0.02625 1.94852
0.0275 1.94541
0.02875 1.94131
0.03 1.94075
0.03125 1.93691
0.0325 1.92989
0.03375 1.92764
0.035 1.92594
0.03625 1.92768
0.0375 1.92269
0.03875 1.92071
0.04 1.91716
0.04125 1.9182
0.0425 1.91637
0.04375 1.91139
0.045 1.90837
0.04625 1.90581
0.0475 1.90566
0.04875 1.90096
0.05 1.89663
0.05125 1.89563
0.0525 1.89176
0.05375 1.89095
0.055 1.88961
0.05625 1.88427
0.0575 1.88515
0.05875 1.87977
0.06 1.87762
0.06125 1.87291
0.0625 1.87485
0.06375 1.8748
0.065 1.86984
0.06625 1.86734
0.0675 1.86328
0.06875 1.86523
0.07 1.8547
0.07125 1.85359
0.0725 1.84968
0.07375 1.84891
0.075 1.84585
0.07625 1.84612
0.0775 1.84017
0.07875 1.84077
0.08 1.84023
0.08125 1.83556
0.0825 1.83475
0.08375 1.8288
0.085 1.83062
0.08625 1.82501
0.0875 1.82574
0.08875 1.82449
0.09 1.81618
0.09125 1.81398
0.0925 1.80779
0.09375 1.81034
0.095 1.80585
0.09625 1.80458
0.0975 1.80255
0.09875 1.79652
0.1 1.79993
0.10125 1.79138
0.1025 1.79435
0.10375 1.79291
0.105 1.79061
0.10625 1.78493
0.1075 1.7798
0.10875 1.78375
0.11 1.777
0.11125 1.7792
0.1125 1.77257
0.11375 1.76916
0.115 1.76683
0.11625 1.7662
0.1175 1.76513
0.11875 1.76045
0.12 1.76039
0.12125 1.75661
0.1225 1.75611
0.12375 1.75212
0.125 1.74769
0.12625 1.74415
0.1275 1.74614
0.12875 1.73935
0.13 1.73976
0.13125 1.73875
0.1325 1.7334
0.13375 1.73155
0.135 1.7319
0.13625 1.72599
0.1375 1.72171
0.13875 1.72142
0.14 1.71835
0.14125 1.71821
0.1425 1.71371
0.14375 1.7126
0.145 1.70634
0.14625 1.7081
0.1475 1.70224
0.14875 1.70121
0.15 1.70363
0.15125 1.69864
0.1525 1.69093
0.15375 1.68931
0.155 1.68574
0.15625 1.68627
0.1575 1.6814
0.15875 1.68305
0.16 1.67815
0.16125 1.67478
0.1625 1.67436
0.16375 1.67181
0.165 1.66973
0.16625 1.66401
0.1675 1.66422
0.16875 1.66071
0.17 1.66103
0.17125 1.65893
0.1725 1.65603
0.17375 1.651
0.175 1.65056
0.17625 1.64644
0.1775 1.64419
0.17875 1.63698
0.18 1.63505
0.18125 1.63397
0.1825 1.63407
0.18375 1.63015
0.185 1.62819
0.18625 1.62676
0.1875 1.62421
0.18875 1.61966
0.19 1.62133
0.19125 1.61516
0.1925 1.61606
0.19375 1.6088
0.195 1.60774
0.19625 1.60569
0.1975 1.60248
0.19875 1.60191
0.2 1.59842
0.20125 1.59827
0.2025 1.59089
0.20375 1.5918
0.205 1.58925
0.20625 1.58677
0.2075 1.58657
0.20875 1.57914
0.21 1.57678
0.21125 1.57532
0.2125 1.57071
0.21375 1.56794
0.215 1.57112
0.21625 1.56599
0.2175 1.55929
0.21875 1.56146
0.22 1.55751
0.22125 1.55858
0.2225 1.55583
0.22375 1.54926
0.225 1.54715
0.22625 1.54903
0.2275 1.54589
0.22875 1.53846
0.23 1.53775
0.23125 1.53712
0.2325 1.53671
0.23375 1.53026
0.235 1.52561
0.23625 1.52472
0.2375 1.52584
0.23875 1.52314
0.24 1.51835
0.24125 1.52081
0.2425 1.51497
0.24375 1.50892
0.245 1.51242
0.24625 1.50917
0.2475 1.50527
0.24875 1.50305
0.25 1.49899
0.25125 1.49716
0.2525 1.49644
0.25375 1.49368
0.255 1.48928
0.25625 1.48216
0.2575 1.48428
0.25875 1.48067
0.26 1.47687
0.26125 1.47733
0.2625 1.47356
0.26375 1.47544
0.265 1.47103
0.26625 1.46458
0.2675 1.46635
0.26875 1.46205
0.27 1.46279
0.27125 1.45768
0.2725 1.45445
0.27375 1.45353
0.275 1.44661
0.27625 1.44816
0.2775 1.44494
0.27875 1.44198
0.28 1.4428
0.28125 1.43729
0.2825 1.43537
0.28375 1.43168
0.285 1.42903
0.28625 1.42764
0.2875 1.42487
0.28875 1.41937
0.29 1.41994
0.29125 1.42088
0.2925 1.41238
0.29375 1.40807
0.295 1.41073
0.29625 1.40702
0.2975 1.40626
0.29875 1.40261
0.3 1.39866
0.30125 1.3984
0.3025 1.39384
0.30375 1.39178
0.305 1.38991
0.30625 1.38876
0.3075 1.38425
0.30875 1.38076
0.31 1.37593
0.31125 1.38054
0.3125 1.37123
0.31375 1.37106
0.315 1.36999
0.31625 1.36602
0.3175 1.36471
0.31875 1.3591
0.32 1.35862
0.32125 1.35672
0.3225 1.35143
0.32375 1.35086
0.325 1.34693
0.32625 1.34892
0.3275 1.34154
0.32875 1.34101
0.33 1.33809
0.33125 1.33514
0.3325 1.334
0.33375 1.33215
0.335 1.32863
0.33625 1.32435
0.3375 1.32103
0.33875 1.32399
0.34 1.31596
0.34125 1.31846
0.3425 1.31316
0.34375 1.31326
0.345 1.30728
0.34625 1.30669
0.3475 1.30519
0.34875 1.30135
0.35 1.29672
0.35125 1.29352
0.3525 1.29497
0.35375 1.29156
0.355 1.28567
0.35625 1.28357
0.3575 1.28493
0.35875 1.27927
0.36 1.27501
0.36125 1.27461
0.3625 1.27028
0.36375 1.2701
0.365 1.26609
0.36625 1.26408
0.3675 1.26397
0.36875 1.25955
0.37 1.25461
0.37125 1.25033
0.3725 1.25266
0.37375 1.2468
0.375 1.24722
0.37625 1.24547
0.3775 1.24255
0.37875 1.23893
0.38 1.23637
0.38125 1.23303
0.3825 1.23298
0.38375 1.2291
0.385 1.22583
0.38625 1.22854
0.3875 1.22461
0.38875 1.21897
0.39 1.21476
0.39125 1.21504
0.3925 1.21308
0.39375 1.20892
0.395 1.20883
0.39625 1.20388
0.3975 1.20124
0.39875 1.20406
0.4 1.20057
0.40125 1.19264
0.4025 1.19086
0.40375 1.18886
0.405 1.19094
0.40625 1.18502
0.4075 1.18429
0.40875 1.17984
0.41 1.17775
0.41125 1.17696
0.4125 1.17084
0.41375 1.17426
0.415 1.16636
0.41625 1.16217
0.4175 1.16357
0.41875 1.15882
0.42 1.15974
0.42125 1.15864
0.4225 1.15269
0.42375 1.14966
0.425 1.14816
0.42625 1.14516
0.4275 1.14335
0.42875 1.14009
0.43 1.1394
0.43125 1.13664
0.4325 1.13029
0.43375 1.13047
0.435 1.12434
0.43625 1.1261
0.4375 1.12096
0.43875 1.11968
0.44 1.11861
0.44125 1.11226
0.4425 1.1103
0.44375 1.11144
0.445 1.10865
0.44625 1.10595
0.4475 1.10381
0.44875 1.09849
0.45 1.0972
0.45125 1.09677
0.4525 1.09283
0.45375 1.08923
0.455 1.08691
0.45625 1.08517
0.4575 1.08504
0.45875 1.08022
0.46 1.07807
0.46125 1.07658
0.4625 1.07046
0.46375 1.06836
0.465 1.06684
0.46625 1.06355
0.4675 1.05766
0.46875 1.0582
0.47 1.06025
0.47125 1.05366
0.4725 1.0503
0.47375 1.05011
0.475 1.04972
0.47625 1.04466
0.4775 1.04163
0.47875 1.04371
0.48 1.03528
0.48125 1.03715
0.4825 1.03067
0.48375 1.0323
0.485 1.02511
0.48625 1.02471
0.4875 1.02401
0.48875 1.02004
0.49 1.01839
0.49125 1.01168
0.4925 1.01546
0.49375 1.01111
0.495 1.00604
0.49625 1.00389
0.4975 1.00144
0.49875 1.00264
0.5 0.996327
0.50125 0.998358
0.5025 0.995646
0.50375 0.989812
0.505 0.987954
0.50625 0.986556
0.5075 0.982572
0.50875 0.985297
0.51 0.976172
0.51125 0.975679
0.5125 0.973562
0.51375 0.972056
0.515 0.969913
0.51625 0.964461
0.5175 0.963992
0.51875 0.962926
0.52 0.959488
0.52125 0.959048
0.5225 0.953261
0.52375 0.951746
0.525 0.948716
0.52625 0.94596
0.5275 0.943999
0.52875 0.939871
0.53 0.940728
0.53125 0.936938
0.5325 0.934742
0.53375 0.933887
0.535 0.931515
0.53625 0.925608
0.5375 0.926542
0.53875 0.921175
0.54 0.920758
0.54125 0.91533
0.5425 0.918043
0.54375 0.911731
0.545 0.909541
0.54625 0.907618
0.5475 0.903416
0.54875 0.902547
0.55 0.90039
0.55125 0.895915
0.5525 0.893232
0.55375 0.888634
0.555 0.889994
0.55625 0.88933
0.5575 0.88618
0.55875 0.883482
0.56 0.882029
0.56125 0.8751
0.5625 0.874284
0.56375 0.872205
0.565 0.869105
0.56625 0.865303
0.5675 0.863413
0.56875 0.863853
0.57 0.858771
0.57125 0.855081
0.5725 0.855721
0.57375 0.84802
0.575 0.848566
0.57625 0.845859
0.5775 0.843819
0.57875 0.83992
0.58 0.840774
0.58125 0.837348
0.5825 0.833364
0.58375 0.830608
0.585 0.830276
0.58625 0.827466
0.5875 0.8266
0.58875 0.822469
0.59 0.821956
0.59125 0.817009
0.5925 0.815852
0.59375 0.810873
0.595 0.807729
0.59625 0.808457
0.5975 0.804097
0.59875 0.800336
0.6 0.801537
0.60125 0.796546
0.6025 0.793208
0.60375 0.794074
0.605 0.788117
0.60625 0.786585
0.6075 0.785264
0.60875 0.783279
0.61 0.778508
0.61125 0.774809
0.6125 0.776714
0.61375 0.774862
0.615 0.771042
0.61625 0.768303
0.6175 0.765805
0.61875 0.76478
0.62 0.76269
0.62125 0.758383
0.6225 0.757561
0.62375 0.756084
0.625 0.748111
0.62625 0.74804
0.6275 0.746924
0.62875 0.742019
0.63 0.739732
0.63125 0.737042
0.6325 0.734526
0.63375 0.730601
0.635 0.727392
0.63625 0.726177
0.6375 0.725176
0.63875 0.72202
0.64 0.720787
0.64125 0.717631
0.6425 0.715106
0.64375 0.713209
0.645 0.708791
0.64625 0.707907
0.6475 0.708421
0.64875 0.703445
0.65 0.697981
0.65125 0.699155
0.6525 0.694799
0.65375 0.692928
0.655 0.688716
0.65625 0.688393
0.6575 0.686059
0.65875 0.679747
0.66 0.678834
0.66125 0.677272
0.6625 0.67231
0.66375 0.671086
0.665 0.670798
0.66625 0.664874
0.6675 0.662331
0.66875 0.662167
0.67 0.657531
0.67125 0.659064
0.6725 0.655206
0.67375 0.650893
0.675 0.647981
0.67625 0.645703
0.6775 0.643777
0.67875 0.640955
0.68 0.639505
0.68125 0.634969
0.6825 0.634094
0.68375 0.632397
0.685 0.629796
0.68625 0.626529
0.6875 0.62233
0.68875 0.622316
0.69 0.618349
0.69125 0.616987
0.6925 0.611565
0.69375 0.610035
0.695 0.607413
0.69625 0.607498
0.6975 0.604128
0.69875 0.600711
0.7 0.597907
0.70125 0.597006
0.7025 0.594463
0.70375 0.592514
0.705 0.586971
0.70625 0.585624
0.7075 0.582347
0.70875 0.580691
0.71 0.577767
0.71125 0.577641
0.7125 0.571849
0.71375 0.570985
0.715 0.566356
0.71625 0.56613
0.7175 0.56096
0.71875 0.562759
0.72 0.556183
0.72125 0.555434
0.7225 0.554788
0.72375 0.55148
0.725 0.548688
0.72625 0.545664
0.7275 0.542981
0.72875 0.54178
0.73 0.539722
0.73125 0.536196
0.7325 0.532438
0.73375 0.530979
0.735 0.528498
0.73625 0.526317
0.7375 0.525043
0.73875 0.519068
0.74 0.517812
0.74125 0.517081
0.7425 0.515037
0.74375 0.511764
0.745 0.506561
0.74625 0.504735
0.7475 0.502395
0.74875 0.500346
0.75 0.499031
0.75125 0.49803
0.7525 0.492334
0.75375 0.490344
0.755 0.4887
0.75625 0.485406
0.7575 0.482335
0.75875 0.480585
0.76 0.477144
0.76125 0.476129
0.7625 0.471916
0.76375 0.471549
0.765 0.46972
0.76625 0.464506
0.7675 0.461957
0.76875 0.462271
0.77 0.456429
0.77125 0.45322
0.7725 0.455909
0.77375 0.448711
0.775 0.447686
0.77625 0.446491
0.7775 0.443265
0.77875 0.439991
0.78 0.438679
0.78125 0.436809
0.7825 0.432599
0.78375 0.432966
0.785 0.428879
0.78625 0.423815
0.7875 0.423427
0.78875 0.420949
0.79 0.418654
0.79125 0.41846
0.7925 0.41368
0.79375 0.409632
0.795 0.409872
0.79625 0.405087
0.7975 0.404849
0.79875 0.403381
0.8 0.398514
0.80125 0.394016
0.8025 0.394227
0.80375 0.392671
0.805 0.388981
0.80625 0.386022
0.8075 0.383274
0.80875 0.383914
0.81 0.379354
0.81125 0.375887
0.8125 0.372737
0.81375 0.371222
0.815 0.370858
0.81625 0.365315
0.8175 0.364164
0.81875 0.36407
0.82 0.35915
0.82125 0.35733
0.8225 0.353575
0.82375 0.352351
0.825 0.349767
0.82625 0.345812
0.8275 0.343713
0.82875 0.340399
0.83 0.338446
0.83125 0.335047
0.8325 0.333367
0.83375 0.329938
0.835 0.32877
0.83625 0.326186
0.8375 0.321181
0.83875 0.321204
0.84 0.319361
0.84125 0.317267
0.8425 0.313313
0.84375 0.311531
0.845 0.30996
0.84625 0.304182
0.8475 0.303783
0.84875 0.300213
0.85 0.29888
0.85125 0.295924
0.8525 0.294861
0.85375 0.292392
0.855 0.289198
0.85625 0.288705
0.8575 0.285458
0.85875 0.28332
0.86 0.279495
0.86125 0.277528
0.8625 0.273045
0.86375 0.272499
0.865 0.267546
0.86625 0.266827
0.8675 0.264449
0.86875 0.259384
0.87 0.257646
0.87125 0.255723
0.8725 0.255045
0.87375 0.251883
0.875 0.249165
0.87625 0.246367
0.8775 0.243886
0.87875 0.241156
0.88 0.237715
0.88125 0.236411
0.8825 0.23347
0.88375 0.229254
0.885 0.228047
0.88625 0.226896
0.8875 0.223268
0.88875 0.221072
0.89 0.21852
0.89125 0.217822
0.8925 0.214434
0.89375 0.211997
0.895 0.208935
0.89625 0.207212
0.8975 0.204132
0.89875 0.203119
0.9 0.201222
0.90125 0.197767
0.9025 0.195236
0.90375 0.192512
0.905 0.190923
0.90625 0.187662
0.9075 0.186646
0.90875 0.182882
0.91 0.180134
0.91125 0.178393
0.9125 0.17583
0.91375 0.173229
0.915 0.171785
0.91625 0.168831
0.9175 0.166885
0.91875 0.162916
0.92 0.160535
0.92125 0.157878
0.9225 0.154819
0.92375 0.153533
0.925 0.148777
0.92625 0.146766
0.9275 0.143157
0.92875 0.141681
0.93 0.138551
0.93125 0.138337
0.9325 0.134576
0.93375 0.131076
0.935 0.128076
0.93625 0.127953
0.9375 0.123514
0.93875 0.121597
0.94 0.119732
0.94125 0.116849
0.9425 0.114022
0.94375 0.111979
0.945 0.109677
0.94625 0.106365
0.9475 0.105021
0.94875 0.102314
0.95 0.0997627
0.95125 0.0973436
0.9525 0.0953355
0.95375 0.0930103
0.955 0.0908965
0.95625 0.0880194
0.9575 0.0852098
0.95875 0.0828347
0.96 0.0790122
0.96125 0.077559
0.9625 0.0747054
0.96375 0.0722363
0.965 0.0696234
0.96625 0.0673247
0.9675 0.0643477
0.96875 0.0626919
0.97 0.0592306
0.97125 0.0566881
0.9725 0.0539754
0.97375 0.0520612
0.975 0.0489228
0.97625 0.0470821
0.9775 0.0447099
0.97875 0.0423906
0.98 0.0388852
0.98125 0.036604
0.9825 0.0343053
0.98375 0.0315955
0.985 0.0294905
0.98625 0.027544
0.9875 0.0247785
0.98875 0.0215491
0.99 0.0198375
0.99125 0.0168458
0.9925 0.014553
0.99375 0.0118285
0.995 0.00944166
0.99625 0.00647059
0.9975 0.0041454
0.99875 0.00141214
