0 0.00792307
0.00176777 0.0233938
0.00353553 0.0388287
0.0053033 0.0523036
0.00707107 0.0708343
0.00883883 0.0849092
0.0106066 0.0993137
0.0123744 0.116071
0.0141421 0.131148
0.0159099 0.14274
0.0176777 0.16249
0.0194454 0.173992
0.0212132 0.194499
0.022981 0.202422
0.0247487 0.222312
0.0265165 0.235415
0.0282843 0.249951
0.030052 0.263747
0.0318198 0.280041
0.0335876 0.292965
0.0353553 0.307111
0.0371231 0.325424
0.0388909 0.335129
0.0406586 0.348389
0.0424264 0.366075
0.0441942 0.376419
0.0459619 0.389592
0.0477297 0.404158
0.0494975 0.419229
0.0512652 0.435031
0.053033 0.43967
0.0548008 0.458918
0.0565685 0.474617
0.0583363 0.486794
0.0601041 0.496847
0.0618718 0.514823
0.0636396 0.533874
0.0654074 0.539665
0.0671751 0.554188
0.0689429 0.56648
0.0707107 0.580654
0.0724784 0.593408
0.0742462 0.601756
0.076014 0.622551
0.0777817 0.627642
0.0795495 0.648814
0.0813173 0.655832
0.083085 0.669096
0.0848528 0.678929
0.0866206 0.688553
0.0883883 0.706842
0.0901561 0.717457
0.0919239 0.727332
0.0936916 0.734637
0.0954594 0.761385
0.0972272 0.769643
0.0989949 0.782725
0.100763 0.786773
0.10253 0.800443
0.104298 0.81228
0.106066 0.822951
0.107834 0.838882
0.109602 0.850905
0.111369 0.859526
0.113137 0.869229
0.114905 0.881884
0.116673 0.897694
0.11844 0.905465
0.120208 0.910657
0.121976 0.92723
0.123744 0.944836
0.125511 0.953288
0.127279 0.961339
0.129047 0.975807
0.130815 0.983157
0.132583 0.987669
0.13435 1.0022
0.136118 1.00948
0.137886 1.01774
0.139654 1.03269
0.141421 1.04695
0.143189 1.05079
0.144957 1.06269
0.146725 1.07169
0.148492 1.08992
0.15026 1.09554
0.152028 1.10211
0.153796 1.118
0.155563 1.12314
0.157331 1.13442
0.159099 1.14485
0.160867 1.15442
0.162635 1.16826
0.164402 1.16661
0.16617 1.1922
0.167938 1.1894
0.169706 1.20367
0.171473 1.20384
0.173241 1.2166
0.175009 1.23531
0.176777 1.23665
0.178544 1.24392
0.180312 1.25943
0.18208 1.27275
0.183848 1.28081
0.185616 1.27366
0.187383 1.29565
0.189151 1.31187
0.190919 1.30692
0.192687 1.31539
0.194454 1.33332
0.196222 1.32839
0.19799 1.33462
0.199758 1.34742
0.201525 1.37055
0.203293 1.36792
0.205061 1.37257
0.206829 1.37903
0.208596 1.39614
0.210364 1.40629
0.212132 1.40484
0.2139 1.41763
0.215668 1.42423
0.217435 1.43159
0.219203 1.44049
0.220971 1.44536
0.222739 1.4496
0.224506 1.46187
0.226274 1.47892
0.228042 1.48091
0.22981 1.47912
0.231577 1.49664
0.233345 1.50519
0.235113 1.4996
0.236881 1.51631
0.238649 1.51634
0.240416 1.52852
0.242184 1.52967
0.243952 1.54623
0.24572 1.54716
0.247487 1.55515
0.249255 1.5548
0.251023 1.56622
0.252791 1.57487
0.254558 1.58414
0.256326 1.58252
0.258094 1.58937
0.259862 1.60412
0.261629 1.61634
0.263397 1.6117
0.265165 1.624
0.266933 1.62026
0.268701 1.62974
0.270468 1.63329
0.272236 1.63602
0.274004 1.65449
0.275772 1.65873
0.277539 1.67026
0.279307 1.66458
0.281075 1.6685
0.282843 1.67442
0.28461 1.68665
0.286378 1.68553
0.288146 1.68957
0.289914 1.70227
0.291682 1.70193
0.293449 1.71396
0.295217 1.7091
0.296985 1.7242
0.298753 1.73165
0.30052 1.72932
0.302288 1.73378
0.304056 1.74517
0.305824 1.7546
0.307591 1.75484
0.309359 1.75284
0.311127 1.75137
0.312895 1.76441
0.314663 1.77984
0.31643 1.7768
0.318198 1.76975
0.319966 1.79234
0.321734 1.78572
0.323501 1.79365
0.325269 1.80138
0.327037 1.80012
0.328805 1.7991
0.330572 1.80922
0.33234 1.82268
0.334108 1.81354
0.335876 1.8168
0.337643 1.82464
0.339411 1.8205
0.341179 1.84246
0.342947 1.8306
0.344715 1.83441
0.346482 1.83499
0.34825 1.86812
0.350018 1.84956
0.351786 1.85335
0.353553 1.85078
0.355321 1.86471
0.357089 1.86678
0.358857 1.86532
0.360624 1.875
0.362392 1.87491
0.36416 1.88197
0.365928 1.89159
0.367696 1.88446
0.369463 1.88014
0.371231 1.88475
0.372999 1.88751
0.374767 1.89746
0.376534 1.90135
0.378302 1.909
0.38007 1.90275
0.381838 1.90113
0.383605 1.90692
0.385373 1.89877
0.387141 1.91662
0.388909 1.90092
0.390676 1.92006
0.392444 1.91272
0.394212 1.9139
0.39598 1.91967
0.397748 1.93308
0.399515 1.93441
0.401283 1.93113
0.403051 1.94079
0.404819 1.93324
0.406586 1.93378
0.408354 1.93189
0.410122 1.94323
0.41189 1.93124
0.413657 1.95657
0.415425 1.94752
0.417193 1.94049
0.418961 1.94638
0.420729 1.94682
0.422496 1.94682
0.424264 1.95611
0.426032 1.95368
0.4278 1.95255
0.429567 1.95632
0.431335 1.9632
0.433103 1.96289
0.434871 1.95512
0.436638 1.95244
0.438406 1.96808
0.440174 1.96733
0.441942 1.96466
0.443709 1.96591
0.445477 1.96977
0.447245 1.95898
0.449013 1.96441
0.450781 1.96544
0.452548 1.96849
0.454316 1.97333
0.456084 1.96264
0.457852 1.97633
0.459619 1.96671
0.461387 1.95745
0.463155 1.96681
0.464923 1.98008
0.46669 1.96688
0.468458 1.97693
0.470226 1.97843
0.471994 1.97103
0.473762 1.96729
0.475529 1.97715
0.477297 1.97656
0.479065 1.97159
0.480833 1.97924
0.4826 1.98486
0.484368 1.97709
0.486136 1.98116
0.487904 1.96957
0.489671 1.96792
0.491439 1.98133
0.493207 1.96549
0.494975 1.96263
0.496742 1.96409
0.49851 1.97417
0.500278 1.97356
0.502046 1.97353
0.503814 1.96872
0.505581 1.9784
0.507349 1.97074
0.509117 1.97397
0.510885 1.96539
0.512652 1.95756
0.51442 1.96239
0.516188 1.96199
0.517956 1.96713
0.519723 1.97528
0.521491 1.9573
0.523259 1.96176
0.525027 1.9458
0.526795 1.95285
0.528562 1.9499
0.53033 1.95822
0.532098 1.9472
0.533866 1.95046
0.535633 1.94674
0.537401 1.94082
0.539169 1.94534
0.540937 1.94362
0.542704 1.93576
0.544472 1.93104
0.54624 1.93761
0.548008 1.93907
0.549775 1.93013
0.551543 1.93449
0.553311 1.92605
0.555079 1.93096
0.556847 1.92652
0.558614 1.93475
0.560382 1.92214
0.56215 1.92021
0.563918 1.91906
0.565685 1.92635
0.567453 1.91941
0.569221 1.9182
0.570989 1.91799
0.572756 1.91344
0.574524 1.90064
0.576292 1.91154
0.57806 1.90076
0.579828 1.89167
0.581595 1.90596
0.583363 1.89197
0.585131 1.8943
0.586899 1.89358
0.588666 1.88409
0.590434 1.88636
0.592202 1.88753
0.59397 1.88535
0.595737 1.88258
0.597505 1.87739
0.599273 1.85545
0.601041 1.8647
0.602809 1.86676
0.604576 1.86722
0.606344 1.85989
0.608112 1.85943
0.60988 1.8539
0.611647 1.85184
0.613415 1.84351
0.615183 1.84201
0.616951 1.83356
0.618718 1.83178
0.620486 1.83892
0.622254 1.82458
0.624022 1.81809
0.625789 1.82352
0.627557 1.8189
0.629325 1.81675
0.631093 1.81449
0.632861 1.80528
0.634628 1.80411
0.636396 1.80513
0.638164 1.79723
0.639932 1.79117
0.641699 1.79287
0.643467 1.79968
0.645235 1.77406
0.647003 1.77023
0.64877 1.77056
0.650538 1.76717
0.652306 1.766
0.654074 1.76482
0.655842 1.75722
0.657609 1.74525
0.659377 1.74134
0.661145 1.7356
0.662913 1.73562
0.66468 1.72799
0.666448 1.72662
0.668216 1.72031
0.669984 1.72595
0.671751 1.70907
0.673519 1.71837
0.675287 1.70911
0.677055 1.71349
0.678823 1.70068
0.68059 1.69662
0.682358 1.6786
0.684126 1.68323
0.685894 1.68711
0.687661 1.67698
0.689429 1.67087
0.691197 1.67162
0.692965 1.66703
0.694732 1.64305
0.6965 1.6513
0.698268 1.64606
0.700036 1.6325
0.701803 1.63601
0.703571 1.63452
0.705339 1.62321
0.707107 1.61274
0.708875 1.62055
0.710642 1.61592
0.71241 1.61398
0.714178 1.60183
0.715946 1.60663
0.717713 1.59022
0.719481 1.58603
0.721249 1.58536
0.723017 1.57367
0.724784 1.56674
0.726552 1.57398
0.72832 1.55361
0.730088 1.56452
0.731856 1.54967
0.733623 1.54243
0.735391 1.54423
0.737159 1.52832
0.738927 1.51914
0.740694 1.52248
0.742462 1.49998
0.74423 1.50452
0.745998 1.49462
0.747765 1.49624
0.749533 1.50245
0.751301 1.48352
0.753069 1.47646
0.754836 1.4631
0.756604 1.46887
0.758372 1.4715
0.76014 1.45273
0.761908 1.44877
0.763675 1.43285
0.765443 1.43643
0.767211 1.42865
0.768979 1.42103
0.770746 1.41603
0.772514 1.40654
0.774282 1.3998
0.77605 1.40296
0.777817 1.39301
0.779585 1.38133
0.781353 1.38334
0.783121 1.36998
0.784889 1.35907
0.786656 1.36305
0.788424 1.35574
0.790192 1.34681
0.79196 1.33089
0.793727 1.34477
0.795495 1.33008
0.797263 1.32363
0.799031 1.31454
0.800798 1.30503
0.802566 1.29531
0.804334 1.29138
0.806102 1.27655
0.807869 1.28544
0.809637 1.27499
0.811405 1.25534
0.813173 1.25182
0.814941 1.245
0.816708 1.2422
0.818476 1.22683
0.820244 1.22153
0.822012 1.22592
0.823779 1.21826
0.825547 1.21432
0.827315 1.20568
0.829083 1.20479
0.83085 1.18993
0.832618 1.18205
0.834386 1.17469
0.836154 1.15982
0.837922 1.15592
0.839689 1.15452
0.841457 1.14626
0.843225 1.14325
0.844993 1.12962
0.84676 1.12488
0.848528 1.11868
0.850296 1.11509
0.852064 1.09632
0.853831 1.09416
0.855599 1.08284
0.857367 1.07688
0.859135 1.07485
0.860902 1.06235
0.86267 1.05454
0.864438 1.05554
0.866206 1.04471
0.867974 1.03379
0.869741 1.0264
0.871509 1.02079
0.873277 1.00583
0.875045 1.00407
0.876812 0.996413
0.87858 0.99807
0.880348 0.975472
0.882116 0.972636
0.883883 0.959998
0.885651 0.953028
0.887419 0.9422
0.889187 0.940913
0.890954 0.929971
0.892722 0.912412
0.89449 0.919229
0.896258 0.900967
0.898026 0.896471
0.899793 0.887364
0.901561 0.88369
0.903329 0.870775
0.905097 0.864663
0.906864 0.864261
0.908632 0.844049
0.9104 0.843222
0.912168 0.830975
0.913935 0.826145
0.915703 0.815921
0.917471 0.808628
0.919239 0.804701
0.921007 0.789396
0.922774 0.786578
0.924542 0.774148
0.92631 0.768733
0.928078 0.759677
0.929845 0.744245
0.931613 0.737853
0.933381 0.734131
0.935149 0.723241
0.936916 0.709237
0.938684 0.70817
0.940452 0.693783
0.94222 0.687366
0.943988 0.684787
0.945755 0.675307
0.947523 0.654479
0.949291 0.65463
0.951059 0.643882
0.952826 0.638228
0.954594 0.62711
0.956362 0.616184
0.95813 0.60729
0.959897 0.601766
0.961665 0.586726
0.963433 0.585955
0.965201 0.570343
0.966968 0.563967
0.968736 0.553692
0.970504 0.547081
0.972272 0.537926
0.97404 0.523892
0.975807 0.516893
0.977575 0.506986
0.979343 0.502929
0.981111 0.494575
0.982878 0.483433
0.984646 0.474078
0.986414 0.463454
0.988182 0.456088
0.989949 0.448495
0.991717 0.436395
0.993485 0.427147
0.995253 0.420108
0.997021 0.411493
0.998788 0.398028
1.00056 0.395193
1.00232 0.381677
1.00409 0.377225
1.00586 0.36612
1.00763 0.360572
1.00939 0.352983
1.01116 0.348337
1.01293 0.337993
1.0147 0.332805
1.01647 0.331519
1.01823 0.322832
1.02 0.312583
1.02177 0.312768
1.02354 0.306363
1.0253 0.297947
1.02707 0.293057
1.02884 0.290717
1.03061 0.281488
1.03238 0.276789
1.03414 0.277078
1.03591 0.266564
1.03768 0.262839
1.03945 0.260917
1.04121 0.257062
1.04298 0.255395
1.04475 0.246464
1.04652 0.241951
1.04829 0.23918
1.05005 0.234758
1.05182 0.230607
1.05359 0.226436
1.05536 0.224432
1.05712 0.217284
1.05889 0.21654
1.06066 0.209886
1.06243 0.20912
1.0642 0.204941
1.06596 0.201884
1.06773 0.193651
1.0695 0.187595
1.07127 0.189573
1.07303 0.182305
1.0748 0.182395
1.07657 0.177392
1.07834 0.174182
1.08011 0.173461
1.08187 0.170554
1.08364 0.165073
1.08541 0.162639
1.08718 0.158156
1.08894 0.1558
1.09071 0.154637
1.09248 0.151747
1.09425 0.149189
1.09602 0.144299
1.09778 0.143691
1.09955 0.140617
1.10132 0.137642
1.10309 0.138083
1.10485 0.132669
1.10662 0.133265
1.10839 0.129535
1.11016 0.124535
1.11193 0.123602
1.11369 0.120807
1.11546 0.117473
1.11723 0.116624
1.119 0.115619
1.12076 0.111325
1.12253 0.110008
1.1243 0.107368
1.12607 0.105287
1.12784 0.102361
1.1296 0.098333
1.13137 0.0997941
1.13314 0.0957056
1.13491 0.0945127
1.13667 0.093423
1.13844 0.0905416
1.14021 0.0916136
1.14198 0.0874014
1.14375 0.0859351
1.14551 0.083441
1.14728 0.0790312
1.14905 0.0806447
1.15082 0.07793
1.15258 0.0757954
1.15435 0.0737214
1.15612 0.0736705
1.15789 0.0725768
1.15966 0.0701306
1.16142 0.0672009
1.16319 0.0677522
1.16496 0.0664015
1.16673 0.0635414
1.16849 0.0617232
1.17026 0.061397
1.17203 0.0594786
1.1738 0.0592765
1.17557 0.0587811
1.17733 0.0552736
1.1791 0.054191
1.18087 0.0528584
1.18264 0.0534159
1.1844 0.0494807
1.18617 0.0504175
1.18794 0.0487141
1.18971 0.0475012
1.19147 0.0457849
1.19324 0.0445055
1.19501 0.0431814
1.19678 0.0412386
1.19855 0.0420035
1.20031 0.0404077
1.20208 0.0395201
1.20385 0.0378383
1.20562 0.0381427
1.20738 0.0362407
1.20915 0.0351041
1.21092 0.033327
1.21269 0.0332752
1.21446 0.0312123
1.21622 0.0308024
1.21799 0.0299542
1.21976 0.0280447
1.22153 0.0278577
1.22329 0.0270915
1.22506 0.0272085
1.22683 0.0253925
1.2286 0.0267844
1.23037 0.0235117
1.23213 0.0236921
1.2339 0.0235108
1.23567 0.0216713
1.23744 0.0220077
1.2392 0.0209973
1.24097 0.021456
1.24274 0.0195074
1.24451 0.0185391
1.24628 0.0190022
1.24804 0.0182369
1.24981 0.0185223
1.25158 0.0166974
1.25335 0.016334
1.25511 0.0160602
1.25688 0.0148965
1.25865 0.0148783
1.26042 0.0140979
1.26219 0.0135098
1.26395 0.0127481
1.26572 0.0127906
1.26749 0.0125464
1.26926 0.0114634
1.27102 0.0104721
1.27279 0.0113424
1.27456 0.010679
1.27633 0.00997485
1.2781 0.0105212
1.27986 0.00937172
1.28163 0.00848232
1.2834 0.00854879
1.28517 0.00882576
1.28693 0.00682184
1.2887 0.00705361
1.29047 0.00718123
1.29224 0.00653468
1.29401 0.0066694
1.29577 0.00622536
1.29754 0.00639686
1.29931 0.00568339
1.30108 0.00580481
1.30284 0.0049615
1.30461 0.00463002
1.30638 0.00434419
1.30815 0.00443814
1.30992 0.00410312
1.31168 0.00332495
1.31345 0.0037486
1.31522 0.00335065
1.31699 0.00362762
1.31875 0.00328019
1.32052 0.00325892
1.32229 0.00283128
1.32406 0.00245682
1.32583 0.00227956
1.32759 0.0023642
1.32936 0.00215548
1.33113 0.00205621
1.3329 0.00197955
1.33466 0.00182223
1.33643 0.00142428
1.3382 0.00196005
1.33997 0.00147303
1.34174 0.00137952
1.3435 0.0014132
1.34527 0.00105913
1.34704 0.00114909
1.34881 0.00101481
1.35057 0.000788363
1.35234 0.000829575
1.35411 0.000680677
1.35588 0.000797226
1.35765 0.000772852
1.35941 0.000697074
1.36118 0.000693972
1.36295 0.000451126
1.36472 0.000267219
1.36648 0.000545517
1.36825 0.000172828
1.37002 0.000264117
1.37179 0.000299569
1.37355 0.000179919
1.37532 0.000341668
1.37709 0.000181248
1.37886 0.000138706
1.38063 0.00011965
1.38239 2.34869e-005
1.38416 0.000107685
1.38593 0.000153773
1.3877 8.37552e-005
1.38946 1.7726e-005
1.39123 5.00759e-005
1.393 6.51429e-005
1.39477 2.9691e-005
1.39654 0
1.3983 0
1.40007 1.68397e-005
1.40184 0
1.40361 0
1.40537 0
1.40714 0
1.40891 0
1.41068 0
1.41245 0
